1752704072.939994,0
1752704073.049138,7
1752704073.174223,12
1752704073.286392,21
1752704073.392699,28
1752704073.505496,36
1752704073.617805,44
1752704073.724648,54
1752704073.832929,59
1752704073.944278,65
1752704074.057229,73
1752704074.171579,78
1752704074.280318,83
1752704074.389067,93
1752704074.500073,99
1752704074.606726,100
1752704074.718225,99
1752704074.824634,100
1752704074.936308,100
1752704075.044468,100
1752704075.152196,100
1752704075.260138,100
1752704075.372783,99
1752704075.484841,100
1752704075.591321,99
1752704075.701471,100
1752704075.809163,100
1752704075.918353,100
1752704076.033241,100
1752704076.140140,99
1752704076.249727,99
1752704076.370740,97
1752704076.483523,98
1752704076.589897,98
1752704076.701471,98
1752704076.807641,98
1752704076.916211,97
1752704077.022451,97
1752704077.133624,97
1752704077.240990,99
1752704077.364868,98
1752704077.485849,100
1752704077.593470,99
1752704077.701380,99
1752704077.807559,100
1752704077.915197,100
1752704078.024136,99
1752704078.137460,98
1752704078.244737,99
1752704078.352789,99
1752704078.462778,99
1752704078.570963,100
1752704078.683568,98
1752704078.790863,98
1752704078.904856,99
1752704079.016622,98
1752704079.123907,98
1752704079.236362,98
1752704079.342480,99
1752704079.449403,99
1752704079.563307,98
1752704079.689082,97
1752704079.847391,97
1752704080.029188,97
1752704080.137101,98
1752704080.297260,100
1752704080.403414,97
1752704080.520570,93
1752704080.633083,87
1752704080.765951,76
1752704080.872347,76
1752704080.981512,78
1752704081.089679,77
1752704081.204974,77
1752704081.316500,77
1752704081.429429,77
1752704081.538801,78
1752704081.647054,75
1752704081.753936,75
1752704081.863963,73
1752704081.972126,75
1752704082.081507,75
1752704082.211849,70
1752704082.350287,70
1752704082.464009,69
1752704082.594026,67
1752704082.713652,68
1752704082.828377,69
1752704082.937570,67
1752704083.045300,68
1752704083.153262,68
1752704083.262618,68
1752704083.371038,68
1752704083.481570,67
1752704083.588850,68
1752704083.699478,67
1752704083.812609,68
1752704083.920210,68
1752704084.038738,67
1752704084.150213,67
1752704084.259075,67
1752704084.366692,68
1752704084.476495,67
1752704084.583212,66
1752704084.693820,68
1752704084.801065,69
1752704084.910001,67
1752704085.016763,68
1752704085.124427,68
1752704085.238535,69
1752704085.345937,68
1752704085.454618,68
1752704085.570000,68
1752704085.680685,68
1752704085.790152,65
1752704085.906683,66
1752704086.012933,67
1752704086.119525,66
1752704086.234637,65
1752704086.346175,67
1752704086.453023,67
1752704086.579096,66
1752704086.685376,66
1752704086.795883,66
1752704086.903611,66
1752704087.017071,66
1752704087.129785,64
1752704087.242664,65
1752704087.348541,66
1752704087.456855,65
1752704087.564258,66
1752704087.680682,66
1752704087.787265,67
1752704087.917667,67
1752704088.025931,66
1752704088.134210,67
1752704088.242272,67
1752704088.348937,66
1752704088.466936,65
1752704088.576888,66
1752704088.684983,66
1752704088.796287,66
1752704088.904942,65
1752704089.014077,65
1752704089.124236,65
1752704089.232300,66
1752704089.338550,66
1752704089.458052,65
1752704089.564667,67
1752704089.673291,66
1752704089.783968,65
1752704089.893131,66
1752704090.001724,65
1752704090.116038,66
1752704090.224590,65
1752704090.333679,66
1752704090.455421,66
1752704090.563307,66
1752704090.670808,65
1752704090.793132,66
1752704090.899852,67
1752704091.006637,66
1752704091.114793,65
1752704091.241893,66
1752704091.349735,65
1752704091.459055,65
1752704091.566159,66
1752704091.691017,66
1752704091.926396,65
1752704092.125281,64
1752704092.231252,65
1752704092.337923,65
1752704092.447549,66
1752704092.558162,66
1752704092.671672,66
1752704092.846444,66
1752704092.992967,65
1752704093.103277,65
1752704093.220216,65
1752704093.330993,63
1752704093.466098,62
1752704093.581945,62
1752704093.691750,62
1752704093.833364,61
1752704093.957438,61
1752704094.068275,62
1752704094.176837,63
1752704094.336841,62
1752704094.458044,61
1752704094.573758,61
1752704094.681474,61
1752704094.849272,60
1752704094.958618,61
1752704095.072986,61
1752704095.191303,62
1752704095.318237,63
1752704095.435301,62
1752704095.542802,62
1752704095.650668,62
1752704095.758920,62
1752704095.868957,62
1752704095.982895,62
1752704096.093870,61
1752704096.204937,62
1752704096.312050,62
1752704096.423324,62
1752704096.531033,62
1752704096.646703,61
1752704096.756094,62
1752704096.862917,62
1752704096.972430,62
1752704097.081242,63
1752704097.191999,63
1752704097.298764,63
1752704097.406834,62
1752704097.513992,63
1752704097.622161,63
1752704097.729278,63
1752704097.840184,63
1752704097.948119,63
1752704098.056909,64
1752704098.163424,64
1752704098.278358,63
1752704098.395433,64
1752704098.504140,64
1752704098.613084,65
1752704098.724235,64
1752704098.833761,64
1752704098.942126,64
1752704099.059254,64
1752704099.169127,65
1752704099.277959,63
1752704099.392962,64
1752704099.502940,63
1752704099.611131,64
1752704099.726738,65
1752704099.833906,65
1752704099.943923,65
1752704100.062280,65
1752704100.173270,66
1752704100.281978,65
1752704100.395316,65
1752704100.510259,65
1752704100.619848,65
1752704100.726224,65
1752704100.838253,65
1752704100.960210,65
1752704101.069473,64
1752704101.177118,64
1752704101.285166,65
1752704101.392276,65
1752704101.498972,65
1752704101.607457,65
1752704101.718415,65
1752704101.825794,66
1752704101.933558,65
1752704102.044067,66
1752704102.151258,65
1752704102.267966,66
1752704102.375260,65
1752704102.492125,66
1752704102.602203,65
1752704102.715025,67
1752704102.826079,67
1752704102.938741,67
1752704103.064184,67
1752704103.170860,67
1752704103.277130,67
1752704103.386440,67
1752704103.493401,66
1752704103.602491,68
1752704103.708678,67
1752704103.817673,67
1752704103.924019,68
1752704104.031393,67
1752704104.138469,67
1752704104.245706,68
1752704104.353423,67
1752704104.460582,68
1752704104.568778,68
1752704104.675444,70
1752704104.782843,69
1752704104.890949,69
1752704104.997705,69
1752704105.113939,68
1752704105.226789,68
1752704105.335143,68
1752704105.441899,68
1752704105.553746,67
1752704105.660770,69
1752704105.772079,68
1752704105.882650,68
1752704105.990671,68
1752704106.099533,68
1752704106.210778,68
1752704106.318945,68
1752704106.426259,68
1752704106.533991,69
1752704106.641738,69
1752704106.749033,70
1752704106.856955,71
1752704106.972955,69
1752704107.081374,71
1752704107.188142,70
1752704107.310872,70
1752704107.422644,71
1752704107.529599,69
1752704107.636958,69
1752704107.743500,69
1752704107.868840,69
1752704107.980045,69
1752704108.086462,69
1752704108.196943,69
1752704108.306934,70
1752704108.413864,69
1752704108.520081,70
1752704108.626796,70
1752704108.734689,70
1752704108.842143,72
1752704108.951250,71
1752704109.060261,71
1752704109.170901,71
1752704109.282205,72
1752704109.392645,73
1752704109.503636,72
1752704109.615295,72
1752704109.721868,73
1752704109.830188,73
1752704109.940498,73
1752704110.049167,73
1752704110.160156,73
1752704110.269045,73
1752704110.380361,73
1752704110.487774,73
1752704110.599215,73
1752704110.705699,72
1752704110.814340,74
1752704110.922521,74
1752704111.031951,74
1752704111.138131,74
1752704111.246594,74
1752704111.364686,74
1752704111.471004,74
1752704111.577822,74
1752704111.687886,74
1752704111.795952,74
1752704111.903142,76
1752704112.015212,75
1752704112.122538,75
1752704112.232296,75
1752704112.339985,76
1752704112.446993,75
1752704112.553472,75
1752704112.666788,74
1752704112.797666,74
1752704112.918781,75
1752704113.025006,75
1752704113.131041,75
1752704113.237598,75
1752704113.349862,74
1752704113.457423,75
1752704113.568123,74
1752704113.681244,77
1752704113.789661,76
1752704113.898010,76
1752704114.004939,76
1752704114.117229,76
1752704114.293494,76
1752704114.440265,77
1752704114.552015,75
1752704114.674132,76
1752704114.784132,77
1752704114.894329,76
1752704115.004079,75
1752704115.113924,76
1752704115.221450,75
1752704115.335144,76
1752704115.442857,76
1752704115.550179,76
1752704115.661986,76
1752704115.771443,75
1752704115.882891,74
1752704115.989573,75
1752704116.098831,75
1752704116.205727,74
1752704116.315401,75
1752704116.421821,74
1752704116.529585,75
1752704116.636654,75
1752704116.744961,76
1752704116.851471,75
1752704116.961146,75
1752704117.068956,75
1752704117.176052,75
1752704117.283095,75
1752704117.389163,75
1752704117.497025,75
1752704117.603920,75
1752704117.718850,74
1752704117.826677,76
1752704117.933788,75
1752704118.044475,75
1752704118.150845,74
1752704118.265557,74
1752704118.381818,73
1752704118.488696,75
1752704118.596356,75
1752704118.704099,75
1752704118.811982,74
1752704118.919988,72
1752704119.026803,71
1752704119.134690,68
1752704119.241959,68
1752704119.348581,68
1752704119.462286,69
1752704119.570047,69
1752704119.676558,69
1752704119.782640,69
1752704119.889585,69
1752704119.996790,70
1752704120.110563,70
1752704120.216372,70
1752704120.323515,70
1752704120.431180,71
1752704120.538234,70
1752704120.645123,70
1752704120.752051,70
1752704120.860938,70
1752704120.969340,69
1752704121.076948,71
1752704121.186227,69
1752704121.293564,70
1752704121.400751,69
1752704121.510941,69
1752704121.617841,70
1752704121.724345,69
1752704121.831171,69
1752704121.937991,69
1752704122.044874,70
1752704122.151410,69
1752704122.260868,69
1752704122.367106,69
1752704122.474540,70
1752704122.580818,70
1752704122.688351,70
1752704122.797784,71
1752704122.914615,70
1752704123.025571,70
1752704123.134147,71
1752704123.246028,71
1752704123.356814,72
1752704123.466035,71
1752704123.575526,71
1752704123.688297,71
1752704123.795225,71
1752704123.901345,71
1752704124.017750,72
1752704124.127410,71
1752704124.233894,70
1752704124.345098,70
1752704124.466413,70
1752704124.572986,71
1752704124.682805,70
1752704124.789804,70
1752704124.896894,71
1752704125.007082,70
1752704125.113718,71
1752704125.221107,71
1752704125.327938,71
1752704125.434646,71
1752704125.546201,71
1752704125.655686,72
1752704125.771495,71
1752704125.879011,72
1752704125.986015,72
1752704126.117165,72
1752704126.225626,72
1752704126.337923,72
1752704126.444494,72
1752704126.552090,72
1752704126.658949,72
1752704126.765745,72
1752704126.875708,72
1752704126.982356,71
1752704127.096457,72
1752704127.205592,72
1752704127.312560,71
1752704127.424081,72
1752704127.530937,72
1752704127.638317,72
1752704127.745806,73
1752704127.854136,73
1752704127.961564,72
1752704128.069174,73
1752704128.176681,73
1752704128.284777,73
1752704128.392589,73
1752704128.500211,73
1752704128.607275,72
1752704128.719069,73
1752704128.826150,73
1752704128.932816,73
1752704129.051387,73
1752704129.159714,74
1752704129.266787,73
1752704129.377646,73
1752704129.486115,72
1752704129.593137,72
1752704129.703629,73
1752704129.811690,74
1752704129.920838,74
1752704130.029376,74
1752704130.139414,74
1752704130.248128,74
1752704130.356154,74
1752704130.467110,73
1752704130.573711,73
1752704130.680864,73
1752704130.791370,74
1752704130.909805,74
1752704131.017154,75
1752704131.128573,74
1752704131.237394,74
1752704131.345710,74
1752704131.457700,74
1752704131.572411,74
1752704131.680604,74
1752704131.788267,74
1752704131.894366,74
1752704132.009003,74
1752704132.146745,74
1752704132.258714,74
1752704132.365125,75
1752704132.472289,74
1752704132.598932,74
1752704132.708632,74
1752704132.818906,75
1752704132.927515,75
1752704133.037053,74
1752704133.143581,74
1752704133.251640,74
1752704133.372245,75
1752704133.483028,75
1752704133.592121,75
1752704133.704639,75
1752704133.814243,75
1752704133.921880,75
1752704134.031073,75
1752704134.138102,75
1752704134.246304,74
1752704134.355596,75
1752704134.475715,75
1752704134.583262,75
1752704134.838385,77
1752704135.119054,76
1752704135.226309,76
1752704135.334721,76
1752704135.457709,76
1752704135.565288,76
1752704135.678556,76
1752704135.963330,76
1752704136.070736,76
1752704136.185526,76
1752704136.299410,76
1752704136.413089,76
1752704136.521939,76
1752704136.631116,76
1752704136.738794,76
1752704136.845393,75
1752704136.956603,76
1752704137.064654,77
1752704137.176669,76
1752704137.286454,77
1752704137.392599,77
1752704137.500406,78
1752704137.617382,78
1752704137.723505,77
1752704137.839793,77
1752704137.949070,78
1752704138.063554,78
1752704138.170993,78
1752704138.333436,78
1752704138.475987,78
1752704138.588376,77
1752704138.695603,77
1752704138.828663,77
1752704138.938891,77
1752704139.068681,77
1752704139.176236,77
1752704139.285212,77
1752704139.398838,77
1752704139.505679,76
1752704139.614991,77
1752704139.721864,77
1752704139.832145,77
1752704139.943178,77
1752704140.060557,78
1752704140.175973,78
1752704140.297327,78
1752704140.423448,77
1752704140.542515,78
1752704140.655970,78
1752704140.776370,78
1752704140.887126,78
1752704141.023239,78
1752704141.146772,79
1752704141.268577,78
1752704141.384108,78
1752704141.497338,78
1752704141.609661,78
1752704141.721775,77
1752704141.834389,78
1752704141.945320,78
1752704142.058549,78
1752704142.167670,79
1752704142.274431,78
1752704142.381876,78
1752704142.498553,78
1752704142.605513,79
1752704142.713943,79
1752704142.820862,80
1752704142.928104,79
1752704143.038458,79
1752704143.146318,79
1752704143.253803,79
1752704143.367476,80
1752704143.494702,79
1752704143.606722,81
1752704143.716300,81
1752704143.833965,80
1752704143.952057,79
1752704144.065876,80
1752704144.174812,80
1752704144.288772,79
1752704144.398794,80
1752704144.506920,80
1752704144.624536,79
1752704144.737349,80
1752704144.846204,79
1752704144.956762,79
1752704145.068386,78
1752704145.175252,80
1752704145.287533,79
1752704145.397259,80
1752704145.504414,80
1752704145.615129,80
1752704145.722337,80
1752704145.832799,80
1752704145.940734,80
1752704146.066097,80
1752704146.173413,81
1752704146.284223,81
1752704146.420183,80
1752704146.553291,80
1752704146.662259,80
1752704146.770091,81
1752704146.915346,79
1752704147.023429,81
1752704147.143255,81
1752704147.251461,82
1752704147.360140,82
1752704147.468307,80
1752704147.577753,82
1752704147.686831,81
1752704147.797139,82
1752704147.912164,82
1752704148.019203,81
1752704148.134664,81
1752704148.243134,81
1752704148.351033,81
1752704148.457387,81
1752704148.565956,82
1752704148.672381,81
1752704148.781617,82
1752704148.902115,81
1752704149.008902,81
1752704149.116776,81
1752704149.222746,82
1752704149.331222,82
1752704149.442821,82
1752704149.551086,82
1752704149.662184,82
1752704149.769474,82
1752704149.878763,83
1752704149.985853,82
1752704150.094792,82
1752704150.203118,82
1752704150.312468,84
1752704150.418900,84
1752704150.531939,83
1752704150.665252,83
1752704150.774981,83
1752704150.888001,84
1752704150.996909,83
1752704151.103433,82
1752704151.212376,83
1752704151.318892,84
1752704151.427886,84
1752704151.539210,83
1752704151.677674,82
1752704151.783936,83
1752704151.908994,84
1752704152.015960,83
1752704152.124049,83
1752704152.231027,83
1752704152.337569,83
1752704152.445375,83
1752704152.553303,84
1752704152.667342,83
1752704152.775227,82
1752704152.882190,83
1752704152.988765,83
1752704153.099600,84
1752704153.206748,83
1752704153.313153,83
1752704153.420060,84
1752704153.529504,83
1752704153.636489,83
1752704153.749183,83
1752704153.857018,84
1752704153.963978,84
1752704154.070583,83
1752704154.181074,83
1752704154.288141,83
1752704154.398163,84
1752704154.505314,83
1752704154.613462,82
1752704154.720270,83
1752704154.830160,83
1752704154.936949,84
1752704155.045213,83
1752704155.152199,83
1752704155.261102,84
1752704155.370498,83
1752704155.478907,84
1752704155.586205,85
1752704155.695202,84
1752704155.804291,84
1752704155.912143,84
1752704156.018635,84
1752704156.130137,84
1752704156.265894,83
1752704156.384422,84
1752704156.518569,84
1752704156.628664,84
1752704156.739415,84
1752704156.848205,84
1752704156.959527,85
1752704157.069189,85
1752704157.179395,84
1752704157.290646,84
1752704157.400527,85
1752704157.510918,85
1752704157.622133,84
1752704157.734052,85
1752704157.841961,84
1752704157.950253,86
1752704158.057499,85
1752704158.164900,85
1752704158.273262,85
1752704158.380935,85
1752704158.501256,85
1752704158.611725,85
1752704158.723121,85
1752704158.832684,84
1752704158.942250,84
1752704159.050385,85
1752704159.159066,85
1752704159.280819,85
1752704159.388492,86
1752704159.495564,85
1752704159.604224,85
1752704159.713022,85
1752704159.822226,85
1752704159.929863,85
1752704160.039760,86
1752704160.146764,85
1752704160.256336,85
1752704160.364044,86
1752704160.472644,85
1752704160.579010,85
1752704160.691295,86
1752704160.800002,87
1752704160.908295,86
1752704161.016291,86
1752704161.126051,86
1752704161.233373,86
1752704161.342689,85
1752704161.449444,85
1752704161.558843,86
1752704161.666389,86
1752704161.800073,86
1752704161.908873,86
1752704162.015869,86
1752704162.127968,86
1752704162.237055,86
1752704162.344230,86
1752704162.456023,86
1752704162.566881,88
1752704162.677173,86
1752704162.787188,87
1752704162.893929,86
1752704163.002469,86
1752704163.110764,86
1752704163.219536,87
1752704163.327248,88
1752704163.436689,87
1752704163.544093,89
1752704163.653551,88
1752704163.761744,88
1752704163.870602,88
1752704163.978651,87
1752704164.086746,87
1752704164.194000,88
1752704164.302456,89
1752704164.410352,89
1752704164.519023,89
1752704164.626333,98
1752704164.734673,100
1752704164.842518,99
1752704164.951076,100
1752704165.059512,99
1752704165.168521,99
1752704165.275178,99
1752704165.384722,99
1752704165.493056,99
1752704165.604442,99
1752704165.711113,99
1752704165.818586,99
1752704165.925603,99
1752704166.033609,91
1752704166.141318,93
1752704166.249826,96
1752704166.358941,98
1752704166.466640,99
1752704166.573156,99
1752704166.680050,100
1752704166.789108,100
1752704166.900431,99
1752704167.008657,100
1752704167.120025,98
1752704167.228260,98
1752704167.336541,98
1752704167.445153,97
1752704167.555694,97
1752704167.662313,98
1752704167.772299,98
1752704167.881647,98
1752704167.989253,98
1752704168.096291,97
1752704168.206352,99
1752704168.313267,96
1752704168.422936,99
1752704168.531713,99
1752704168.641807,100
1752704168.749800,99
1752704168.857271,99
1752704168.965605,99
1752704169.072222,99
1752704169.178849,99
1752704169.287338,100
1752704169.395998,99
1752704169.504415,100
1752704169.611245,99
1752704169.725839,95
1752704169.840804,91
1752704169.955504,86
1752704170.062847,86
1752704170.170450,86
1752704170.277682,84
1752704170.385955,79
1752704170.492629,78
1752704170.610869,77
1752704170.721824,77
1752704170.830989,75
1752704170.938607,74
1752704171.045187,73
1752704171.154563,71
1752704171.265991,72
1752704171.376964,72
1752704171.493295,75
1752704171.605610,77
1752704171.718468,81
1752704171.829754,87
1752704171.937467,93
1752704172.045376,100
1752704172.153653,100
1752704172.282851,99
1752704172.391374,100
1752704172.499935,99
1752704172.606885,99
1752704172.717710,99
1752704172.825812,99
1752704172.935825,99
1752704173.043492,99
1752704173.153105,100
1752704173.262778,99
1752704173.370244,99
1752704173.477014,99
1752704173.586039,99
1752704173.697278,99
1752704173.805858,99
1752704173.914516,99
1752704174.022426,99
1752704174.131577,99
1752704174.241275,99
1752704174.350976,99
1752704174.457313,99
1752704174.567796,99
1752704174.674505,99
1752704174.784023,99
1752704174.893616,99
1752704175.004247,99
1752704175.116679,99
1752704175.223399,99
1752704175.333088,100
1752704175.441000,100
1752704175.549710,100
1752704175.658291,100
1752704175.769001,99
1752704175.876622,99
1752704175.985558,99
1752704176.092936,99
1752704176.201625,99
1752704176.315821,99
1752704176.424945,98
1752704176.533331,99
1752704176.640636,100
1752704176.749478,99
1752704176.860024,100
1752704176.970564,100
1752704177.085030,100
1752704177.201413,100
1752704177.312807,100
1752704177.423794,100
1752704177.533032,99
1752704177.640113,99
1752704177.748810,99
1752704177.859472,99
1752704177.968035,99
1752704178.075214,98
1752704178.184443,98
1752704178.290568,98
1752704178.416879,99
1752704178.530255,100
1752704178.649284,99
1752704178.762442,100
1752704178.879975,100
1752704178.986060,100
1752704179.104231,100
1752704179.218583,99
1752704179.342175,99
1752704179.463036,98
1752704179.582017,99
1752704179.689938,100
1752704179.802664,99
1752704179.912590,97
1752704180.019072,95
1752704180.126871,92
1752704180.233347,90
1752704180.340722,87
1752704180.449927,84
1752704180.556639,82
1752704180.665253,79
1752704180.772173,76
1752704180.884526,74
1752704180.997560,71
1752704181.109389,72
1752704181.219855,72
1752704181.327278,68
1752704181.434895,57
1752704181.542661,43
1752704181.649462,31
1752704181.755891,23
1752704181.864909,16
1752704181.971209,9
1752704182.080449,6
1752704182.187530,6
1752704182.295988,7
1752704182.413974,13
1752704182.528616,18
1752704182.635862,20
1752704182.742343,18
1752704182.849635,18
1752704182.956685,20
1752704183.065230,22
1752704183.183297,21
1752704183.292035,24
1752704183.399027,24
1752704183.506083,24
1752704183.617941,23
1752704183.727784,26
1752704183.835613,25
1752704183.945096,22
1752704184.052954,20
1752704184.165389,27
1752704184.274159,28
1752704184.382474,26
1752704184.491325,24
1752704184.600581,22
1752704184.709345,25
1752704184.817468,29
1752704184.925987,30
1752704185.033498,29
1752704185.144579,28
1752704185.250624,24
1752704185.358086,24
1752704185.466200,31
1752704185.584404,29
1752704185.699939,30
1752704185.812562,31
1752704185.922545,29
1752704186.030127,25
1752704186.137979,25
1752704186.245740,27
1752704186.353514,32
1752704186.462292,31
1752704186.573465,32
1752704186.680547,26
1752704186.789738,25
1752704186.898361,28
1752704187.009269,32
1752704187.116970,31
1752704187.228245,33
1752704187.338707,28
1752704187.447144,26
1752704187.554622,26
1752704187.662728,25
1752704187.783912,27
1752704187.895580,29
1752704188.002518,30
1752704188.112120,30
1752704188.218396,30
1752704188.330209,29
1752704188.439130,30
1752704188.548624,31
1752704188.658825,31
1752704188.766418,32
1752704188.875085,31
1752704188.982143,31
1752704189.092260,30
1752704189.201673,31
1752704189.312839,31
1752704189.422802,31
1752704189.531132,32
1752704189.641565,31
1752704189.749603,32
1752704189.860444,32
1752704189.966687,32
1752704190.076042,32
1752704190.184657,33
1752704190.297105,33
1752704190.429988,31
1752704190.541317,32
1752704190.718768,34
1752704190.830139,35
1752704190.941121,33
1752704191.048040,31
1752704191.161780,31
1752704191.269086,33
1752704191.378467,32
1752704191.488703,35
1752704191.595517,33
1752704191.705749,34
1752704191.823181,31
1752704191.932018,32
1752704192.041945,31
1752704192.149254,32
1752704192.257871,31
1752704192.365156,29
1752704192.474545,25
1752704192.582204,22
1752704192.690729,22
1752704192.797990,22
1752704192.905629,21
1752704193.012398,26
1752704193.119144,30
1752704193.226658,36
1752704193.333116,36
1752704193.442385,38
1752704193.549391,40
1752704193.657417,43
1752704193.837564,44
1752704193.994267,45
1752704194.104675,45
1752704194.212379,43
1752704194.323622,41
1752704194.442949,42
1752704194.552563,41
1752704194.660744,43
1752704194.767634,44
1752704194.876075,43
1752704194.983894,43
1752704195.091066,43
1752704195.201551,46
1752704195.314664,46
1752704195.424417,45
1752704195.536112,45
1752704195.646490,45
1752704195.768619,47
1752704195.878201,47
1752704196.009811,46
1752704196.117557,47
1752704196.237378,48
1752704196.344369,49
1752704196.473753,50
1752704196.579928,51
1752704196.692456,52
1752704196.799937,51
1752704196.909725,51
1752704197.022640,48
1752704197.132483,47
1752704197.242819,46
1752704197.350254,47
1752704197.457340,48
1752704197.564407,50
1752704197.672334,51
1752704197.779100,49
1752704197.891026,45
1752704197.997831,42
1752704198.107557,37
1752704198.214288,34
1752704198.325493,30
1752704198.432113,23
1752704198.540900,15
1752704198.648187,7
1752704198.757297,0
1752704198.863933,1
1752704198.970953,1
1752704199.078116,5
1752704199.187062,6
1752704199.294387,8
1752704199.402283,9
1752704199.510945,11
1752704199.620809,13
1752704199.727457,8
1752704199.834817,9
1752704199.942651,8
1752704200.052647,8
1752704200.164420,8
1752704200.272706,8
1752704200.379224,9
1752704200.487807,8
1752704200.594288,8
1752704200.701170,8
1752704200.807967,7
1752704200.918391,6
1752704201.027170,8
1752704201.136618,6
1752704201.244698,7
1752704201.356651,8
1752704201.464027,6
1752704201.571962,7
1752704201.679958,7
1752704201.787362,7
1752704201.893628,6
1752704202.001535,7
1752704202.108319,8
1752704202.223489,7
1752704202.332396,7
1752704202.439847,7
1752704202.547913,7
1752704202.662602,8
1752704202.771195,7
1752704202.878038,7
1752704202.985721,7
1752704203.093472,8
1752704203.203991,7
1752704203.310736,8
1752704203.421591,7
1752704203.528098,7
1752704203.637821,8
1752704203.744987,7
1752704203.853881,8
1752704203.961095,7
1752704204.069103,7
1752704204.175963,7
1752704204.286635,7
1752704204.392898,7
1752704204.500910,6
1752704204.607955,7
1752704204.716716,7
1752704204.824069,8
1752704204.930737,7
1752704205.045614,7
1752704205.156158,6
1752704205.266014,7
1752704205.374796,9
1752704205.483056,7
1752704205.590066,7
1752704205.697982,6
1752704205.805050,7
1752704205.911839,6
1752704206.019999,7
1752704206.127265,9
1752704206.235549,7
1752704206.343040,8
1752704206.451836,7
1752704206.558854,7
1752704206.665807,8
1752704206.772155,7
1752704206.878244,7
1752704207.001073,6
1752704207.110948,7
1752704207.218982,7
1752704207.326122,8
1752704207.433989,7
1752704207.540605,7
1752704207.659786,6
1752704207.767981,7
1752704207.874035,7
1752704207.982023,7
1752704208.089603,7
1752704208.201397,9
1752704208.309155,8
1752704208.418695,8
1752704208.528244,8
1752704208.637703,8
1752704208.755719,6
1752704208.863662,3
1752704208.969512,1
1752704209.075581,1
1752704209.184084,2
1752704209.292984,5
1752704209.401069,6
1752704209.508221,8
1752704209.615201,8
1752704209.722284,9
1752704209.829890,9
1752704209.937789,10
1752704210.054733,11
1752704210.161911,11
1752704210.268592,11
1752704210.375281,11
1752704210.484653,11
1752704210.592364,9
1752704210.699584,8
1752704210.807078,9
1752704210.919275,8
1752704211.026214,7
1752704211.135919,8
1752704211.242476,9
1752704211.352135,7
1752704211.458054,8
1752704211.566612,8
1752704211.673620,8
1752704211.781828,8
1752704211.888742,8
1752704211.996794,9
1752704212.102922,7
1752704212.218537,8
1752704212.325510,9
1752704212.433776,8
1752704212.543871,9
1752704212.652081,9
1752704212.766199,8
1752704212.873195,7
1752704212.981015,8
1752704213.087171,9
1752704213.194251,7
1752704213.300576,8
1752704213.406506,8
1752704213.514387,8
1752704213.620987,8
1752704213.728286,7
1752704213.836590,8
1752704213.946318,7
1752704214.053025,8
1752704214.159993,10
1752704214.266545,7
1752704214.373554,7
1752704214.483760,7
1752704214.589607,7
1752704214.697467,7
1752704214.804206,8
1752704214.920049,6
1752704215.027300,7
1752704215.134593,7
1752704215.241562,8
1752704215.348767,9
1752704215.454523,8
1752704215.562015,9
1752704215.669582,9
1752704215.776803,9
1752704215.893685,8
1752704216.001239,9
1752704216.112441,8
1752704216.218819,8
1752704216.327352,8
1752704216.435694,8
1752704216.544758,8
1752704216.652491,8
1752704216.761837,8
1752704216.867951,8
1752704216.977055,8
1752704217.083152,8
1752704217.189982,8
1752704217.297338,8
1752704217.403705,9
1752704217.512528,8
1752704217.618419,8
1752704217.725783,10
1752704217.850795,8
1752704217.957582,8
1752704218.064180,8
1752704218.170641,8
1752704218.279670,8
1752704218.385187,8
1752704218.492203,9
1752704218.600680,8
1752704218.710929,9
1752704218.817284,8
1752704218.926710,7
1752704219.033032,8
1752704219.139804,6
1752704219.247904,2
1752704219.353809,2
1752704219.461636,3
1752704219.567908,5
1752704219.674894,6
1752704219.784546,8
1752704219.900583,8
1752704220.008765,9
1752704220.118373,10
1752704220.226786,9
1752704220.333388,10
1752704220.442622,9
1752704220.550786,9
1752704220.658228,10
1752704220.765298,9
1752704220.875364,8
1752704220.986080,7
1752704221.093858,7
1752704221.200660,7
1752704221.374882,7
1752704221.501174,7
1752704221.615689,8
1752704221.723226,8
1752704221.829958,8
1752704221.937231,8
1752704222.047334,9
1752704222.156506,7
1752704222.263324,8
1752704222.370581,8
1752704222.480710,8
1752704222.587212,8
1752704222.696307,7
1752704222.802690,8
1752704222.912378,8
1752704223.018722,7
1752704223.127414,8
1752704223.234765,7
1752704223.352076,7
1752704223.460307,8
1752704223.568859,7
1752704223.678493,8
1752704223.784790,8
1752704223.892932,8
1752704223.999796,9
1752704224.108152,9
1752704224.214742,8
1752704224.321947,8
1752704224.429799,8
1752704224.536047,7
1752704224.643198,8
1752704224.750141,8
1752704224.858440,8
1752704224.965266,8
1752704225.073913,7
1752704225.180657,7
1752704225.287572,8
1752704225.397256,8
1752704225.513532,8
1752704225.621430,7
1752704225.730233,8
1752704225.840824,8
1752704225.947484,7
1752704226.058236,7
1752704226.167282,8
1752704226.276693,8
1752704226.383700,6
1752704226.493782,7
1752704226.601565,7
1752704226.712999,7
1752704226.823331,7
1752704226.929934,6
1752704227.046968,8
1752704227.158432,7
1752704227.265878,10
1752704227.374763,8
1752704227.480902,9
1752704227.589474,8
1752704227.696390,8
1752704227.805299,7
1752704227.912797,10
1752704228.021381,8
1752704228.128205,8
1752704228.236283,9
1752704228.342474,8
1752704228.448834,8
1752704228.555840,8
1752704228.662191,8
1752704228.768910,8
1752704228.876007,7
1752704228.982225,8
1752704229.090240,7
1752704229.196491,8
1752704229.313815,7
1752704229.422333,9
1752704229.529579,1
1752704229.637964,1
1752704229.746705,2
1752704229.853933,1
1752704229.961658,3
1752704230.070004,4
1752704230.177345,6
1752704230.289747,5
1752704230.395979,6
1752704230.504634,5
1752704230.612125,5
1752704230.718733,8
1752704230.825769,7
1752704230.932070,7
1752704231.042088,6
1752704231.149141,7
1752704231.257357,8
1752704231.363791,8
1752704231.473920,8
1752704231.581511,8
1752704231.689260,8
1752704231.795432,8
1752704231.912925,9
1752704232.020972,7
1752704232.127351,8
1752704232.234390,9
1752704232.341827,8
1752704232.449915,8
1752704232.557177,8
1752704232.665211,8
1752704232.772602,9
1752704232.879102,8
1752704232.989751,8
1752704233.097791,8
1752704233.209079,8
1752704233.316900,7
1752704233.423946,7
1752704233.530547,8
1752704233.638257,8
1752704233.745051,8
1752704233.853219,6
1752704233.963393,6
1752704234.097528,7
1752704234.205637,7
1752704234.313467,6
1752704234.421068,6
1752704234.528766,6
1752704234.636965,6
1752704234.743138,7
1752704234.852923,6
1752704234.960999,7
1752704235.080796,5
1752704235.188543,5
1752704235.295637,8
1752704235.406253,6
1752704235.515434,8
1752704235.624214,7
1752704235.730581,7
1752704235.837963,9
1752704235.944928,9
1752704236.052176,8
1752704236.160841,9
1752704236.272737,9
1752704236.381655,7
1752704236.490570,7
1752704236.606366,8
1752704236.712310,9
1752704236.821746,8
1752704236.934453,7
1752704237.040385,7
1752704237.150142,8
1752704237.256494,8
1752704237.363853,8
1752704237.478385,7
1752704237.585792,7
1752704237.692759,7
1752704237.802694,9
1752704237.909233,8
1752704238.016523,8
1752704238.124926,8
1752704238.233629,8
1752704238.342115,7
1752704238.463466,8
1752704238.582635,7
1752704238.690021,7
1752704238.800997,8
1752704238.907547,9
1752704239.015511,8
1752704239.122336,8
1752704239.232230,8
1752704239.340763,9
1752704239.448779,7
1752704239.555652,8
1752704239.662816,9
1752704239.770809,5
1752704239.884823,0
1752704239.991560,1
1752704240.100136,2
1752704240.206517,4
1752704240.312639,6
1752704240.420063,5
1752704240.526315,6
1752704240.642590,5
1752704240.751594,5
1752704240.860484,7
1752704240.968471,6
1752704241.075393,7
1752704241.182239,6
1752704241.288451,7
1752704241.395423,7
1752704241.502393,7
1752704241.608685,7
1752704241.716916,7
1752704241.824700,8
1752704241.933902,7
1752704242.040342,7
1752704242.148428,6
1752704242.255130,7
1752704242.365396,8
1752704242.471546,7
1752704242.578966,7
1752704242.685929,6
1752704242.793291,7
1752704242.909694,7
1752704243.024415,7
1752704243.158591,8
1752704243.274003,8
1752704243.385395,7
1752704243.497231,7
1752704243.750684,9
1752704243.856802,7
1752704243.966150,9
1752704244.101294,8
1752704244.349747,7
1752704244.570763,8
1752704244.836892,8
1752704244.942929,8
1752704245.051445,8
1752704245.160630,8
1752704245.268579,8
1752704245.374996,8
1752704245.482937,8
1752704245.589639,9
1752704245.698763,7
1752704245.806526,8
1752704245.913904,7
1752704246.021103,7
1752704246.129045,8
1752704246.235945,8
1752704246.342653,7
1752704246.450213,6
1752704246.557203,7
1752704246.664232,7
1752704246.770432,8
1752704246.877967,7
1752704246.985623,6
1752704247.091548,6
1752704247.198359,6
1752704247.317638,6
1752704247.428056,6
1752704247.551696,8
1752704247.657804,7
1752704247.769300,7
1752704247.876393,7
1752704247.982806,8
1752704248.088964,7
1752704248.197745,8
1752704248.304584,7
1752704248.412281,7
1752704248.519969,7
1752704248.635697,6
1752704248.743356,7
1752704248.850437,7
1752704248.957347,8
1752704249.066658,7
1752704249.173572,8
1752704249.281221,8
1752704249.387644,8
1752704249.498936,7
1752704249.605487,6
1752704249.712627,7
1752704249.819914,8
1752704249.927470,8
1752704250.035883,6
1752704250.144252,2
1752704250.250796,1
1752704250.358835,1
1752704250.466295,2
1752704250.572913,2
1752704250.680884,4
1752704250.788051,4
1752704250.896465,5
1752704251.003287,4
1752704251.111669,6
1752704251.218054,7
1752704251.327925,6
1752704251.435112,7
1752704251.541873,8
1752704251.648221,8
1752704251.754230,6
1752704251.868720,7
1752704251.976560,8
1752704252.083013,7
1752704252.189014,8
1752704252.297138,7
1752704252.403558,7
1752704252.511848,7
1752704252.617989,7
1752704252.726070,7
1752704252.832900,8
1752704252.941097,8
1752704253.048052,7
1752704253.154843,7
1752704253.263946,7
1752704253.369986,7
1752704253.478103,7
1752704253.585005,8
1752704253.692540,7
1752704253.799708,7
1752704253.906889,7
1752704254.013002,8
1752704254.120067,8
1752704254.227932,8
1752704254.334053,7
1752704254.441883,9
1752704254.548260,7
1752704254.659866,8
1752704254.793952,8
1752704254.902092,9
1752704255.012322,9
1752704255.119925,8
1752704255.228347,10
1752704255.334826,10
1752704255.444867,9
1752704255.551999,7
1752704255.668443,8
1752704255.777139,8
1752704255.884967,9
1752704255.995305,14
1752704256.102670,19
1752704256.213679,21
1752704256.321680,25
1752704256.429302,27
1752704256.536243,28
1752704256.644171,28
1752704256.751105,28
1752704256.862026,29
1752704256.968918,31
1752704257.076875,31
1752704257.184386,25
1752704257.297798,24
1752704257.414269,19
1752704257.527865,12
1752704257.634382,11
1752704257.742370,7
1752704257.849612,8
1752704257.959939,8
1752704258.066099,7
1752704258.176117,8
1752704258.283252,8
1752704258.395478,8
1752704258.502403,8
1752704258.610947,8
1752704258.717414,8
1752704258.825304,9
1752704258.932840,7
1752704259.040062,8
1752704259.145873,8
1752704259.251964,8
1752704259.368529,9
1752704259.476349,8
1752704259.583190,8
1752704259.690214,9
1752704259.797397,8
1752704259.906265,9
1752704260.013589,8
1752704260.122213,7
1752704260.228602,8
1752704260.336088,8
1752704260.443124,4
1752704260.549743,1
1752704260.658054,1
1752704260.766946,2
1752704260.874809,8
1752704260.982188,18
1752704261.091917,20
1752704261.198910,20
1752704261.306980,21
1752704261.415378,20
1752704261.524503,21
1752704261.631413,21
1752704261.739548,20
1752704261.846279,23
1752704261.953059,22
1752704262.060095,24
1752704262.170097,20
1752704262.277926,21
1752704262.389125,20
1752704262.497525,20
1752704262.605589,20
1752704262.713316,16
1752704262.824237,12
1752704262.933966,10
1752704263.041708,8
1752704263.149187,9
1752704263.257779,9
1752704263.365275,11
1752704263.472694,10
1752704263.579228,10
1752704263.686296,10
1752704263.792701,10
1752704263.990689,10
1752704264.172105,9
1752704264.280158,10
1752704264.389303,10
1752704264.530988,11
1752704264.638621,8
1752704264.748691,9
1752704264.859323,10
1752704264.974362,9
1752704265.080454,9
1752704265.190649,11
1752704265.305879,10
1752704265.412205,11
1752704265.520843,13
1752704265.640295,11
1752704265.765931,11
1752704265.882204,13
1752704265.990626,18
1752704266.097476,18
1752704266.214461,18
1752704266.327058,20
1752704266.437478,23
1752704266.545032,28
1752704266.667385,30
1752704266.774533,32
1752704266.898283,34
1752704267.013550,34
1752704267.124149,36
1752704267.230551,38
1752704267.339456,33
1752704267.453096,28
1752704267.569490,22
1752704267.681448,20
1752704267.793454,14
1752704267.901537,12
1752704268.008663,12
1752704268.118351,12
1752704268.226295,11
1752704268.335393,11
1752704268.442375,12
1752704268.549941,11
1752704268.656426,11
1752704268.762861,8
1752704268.873010,8
1752704268.980319,9
1752704269.089373,9
1752704269.196104,8
1752704269.304224,9
1752704269.410705,9
1752704269.520437,8
1752704269.626684,10
1752704269.735023,10
1752704269.842689,10
1752704269.951213,10
1752704270.061606,11
1752704270.170200,9
1752704270.276912,10
1752704270.388071,10
1752704270.496712,10
1752704270.603782,9
1752704270.710888,8
