1752705116.254947,0
1752705116.362598,5
1752705116.469766,12
1752705116.593703,17
1752705116.708884,20
1752705116.818582,19
1752705116.927166,19
1752705117.034740,19
1752705117.144261,19
1752705117.251504,19
1752705117.360286,17
1752705117.469289,19
1752705117.578494,19
1752705117.685663,19
1752705117.793769,18
1752705117.902320,14
1752705118.012658,17
1752705118.119452,17
1752705118.227278,17
1752705118.337171,16
1752705118.450257,17
1752705118.559995,16
1752705118.669672,17
1752705118.784441,15
1752705118.892182,17
1752705119.000663,16
1752705119.111873,16
1752705119.218717,16
1752705119.328243,17
1752705119.435370,17
1752705119.547596,16
1752705119.656832,17
1752705119.764497,18
1752705119.871274,18
1752705119.979025,18
1752705120.086029,19
1752705120.194686,19
1752705120.301658,18
1752705120.410300,20
1752705120.517905,19
1752705120.629847,18
1752705120.742486,20
1752705120.856099,16
1752705120.964555,15
1752705121.071949,15
1752705121.192941,14
1752705121.307566,13
1752705121.417668,11
1752705121.527506,11
1752705121.646402,10
1752705121.752885,10
1752705121.860502,11
1752705121.966909,11
1752705122.077824,12
1752705122.190000,12
1752705122.298975,13
1752705122.412325,12
1752705122.518473,12
1752705122.625943,13
1752705122.732838,14
1752705122.842640,13
1752705122.949244,13
1752705123.057037,14
1752705123.164853,14
1752705123.271468,14
1752705123.383450,14
1752705123.492898,14
1752705123.600956,14
1752705123.709281,14
1752705123.819056,14
1752705123.926861,14
1752705124.034193,15
1752705124.148893,15
1752705124.257880,15
1752705124.363778,15
1752705124.474200,17
1752705124.581012,16
1752705124.688306,16
1752705124.794831,16
1752705124.900761,16
1752705125.010275,16
1752705125.118314,17
1752705125.228064,17
1752705125.334139,17
1752705125.441380,17
1752705125.547761,18
1752705125.656646,19
1752705125.763515,18
1752705125.869423,18
1752705125.976417,18
1752705126.082507,18
1752705126.192616,19
1752705126.300157,19
1752705126.409745,19
1752705126.516464,19
1752705126.624645,19
1752705126.730755,20
1752705126.844707,19
1752705126.951709,19
1752705127.059394,19
1752705127.165778,20
1752705127.275226,17
1752705127.388867,16
1752705127.500567,17
1752705127.613464,18
1752705127.721785,17
1752705127.828840,17
1752705127.941660,18
1752705128.048882,17
1752705128.158230,18
1752705128.264496,19
1752705128.372152,19
1752705128.479028,18
1752705128.586536,19
1752705128.693738,20
1752705128.800235,19
1752705128.907528,17
1752705129.013338,18
1752705129.120391,13
1752705129.227373,13
1752705129.334022,12
1752705129.442296,13
1752705129.549830,14
1752705129.656801,13
1752705129.764985,13
1752705129.877686,12
1752705129.984825,14
1752705130.092917,13
1752705130.199491,13
1752705130.307498,14
1752705130.416736,14
1752705130.525172,13
1752705130.634027,14
1752705130.742699,13
1752705130.849161,15
1752705130.958285,14
1752705131.064850,14
1752705131.174841,13
1752705131.281255,15
1752705131.389678,15
1752705131.497005,15
1752705131.606516,15
1752705131.725824,16
1752705131.832313,16
1752705131.939588,17
1752705132.045954,17
1752705132.153055,16
1752705132.274056,14
1752705132.382718,17
1752705132.492783,17
1752705132.600635,17
1752705132.708194,17
1752705132.814425,18
1752705132.923654,18
1752705133.029845,19
1752705133.137075,18
1752705133.243473,18
1752705133.350319,19
1752705133.457228,19
1752705133.580894,19
1752705133.691690,20
1752705133.798972,19
1752705133.907429,18
1752705134.014361,16
1752705134.122537,13
1752705134.248363,12
1752705134.357760,14
1752705134.467494,14
1752705134.574841,14
1752705134.686238,14
1752705134.793778,14
1752705134.901471,14
1752705135.008090,16
1752705135.114354,15
1752705135.223333,15
1752705135.330639,15
1752705135.438607,15
1752705135.545536,14
1752705135.653265,16
1752705135.762594,15
1752705135.873535,16
1752705135.979712,15
1752705136.088410,16
1752705136.194918,17
1752705136.303616,17
1752705136.421047,17
1752705136.527974,18
1752705136.636926,17
1752705136.744173,18
1752705136.851054,18
1752705136.958662,18
1752705137.065076,19
1752705137.173674,18
1752705137.279999,19
1752705137.388052,19
1752705137.495402,16
1752705137.604240,15
1752705137.711071,14
1752705137.819527,14
1752705137.925659,15
1752705138.035598,16
1752705138.147998,15
1752705138.255170,16
1752705138.361468,16
1752705138.468704,15
1752705138.575358,16
1752705138.682222,15
1752705138.788667,16
1752705138.895113,17
1752705139.003004,16
1752705139.109409,17
1752705139.216817,15
1752705139.324766,16
1752705139.432840,16
1752705139.539141,17
1752705139.651781,16
1752705139.894417,16
1752705140.023642,17
1752705140.321789,16
1752705140.429496,16
1752705140.562471,17
1752705140.672613,16
1752705140.779006,17
1752705140.887193,16
1752705140.994219,16
1752705141.106382,16
1752705141.214280,16
1752705141.321187,17
1752705141.427196,16
1752705141.536425,17
1752705141.643871,17
1752705141.753676,16
1752705141.866373,17
1752705141.972723,18
1752705142.082656,17
1752705142.190497,18
1752705142.298572,18
1752705142.410969,18
1752705142.519251,19
1752705142.626426,20
1752705142.743111,19
1752705142.870184,18
1752705142.986652,18
1752705143.097249,19
1752705143.206242,16
1752705143.313728,17
1752705143.421083,16
1752705143.527814,16
1752705143.635494,17
1752705143.741698,17
1752705143.849224,16
1752705143.956920,17
1752705144.066030,16
1752705144.185550,17
1752705144.299442,16
1752705144.407954,17
1752705144.519584,16
1752705144.629797,17
1752705144.748967,15
1752705144.856812,16
1752705144.969387,16
1752705145.079091,16
1752705145.187775,16
1752705145.302977,16
1752705145.411987,16
1752705145.521505,17
1752705145.631025,17
1752705145.738237,18
1752705145.846848,17
1752705145.954037,18
1752705146.065189,17
1752705146.172943,18
1752705146.281551,18
1752705146.388411,18
1752705146.498500,18
1752705146.605254,19
1752705146.712756,18
1752705146.819571,20
1752705146.928137,19
1752705147.036377,19
1752705147.142374,19
1752705147.249238,19
1752705147.356443,18
1752705147.463933,19
1752705147.570459,19
1752705147.677947,17
1752705147.792642,17
1752705147.909963,15
1752705148.016942,13
1752705148.123980,13
1752705148.234795,15
1752705148.341963,15
1752705148.449916,14
1752705148.557277,15
1752705148.665638,15
1752705148.772343,16
1752705148.882035,16
1752705148.990535,15
1752705149.099013,14
1752705149.206851,14
1752705149.315064,14
1752705149.421706,14
1752705149.533815,14
1752705149.640223,14
1752705149.808815,14
1752705149.918137,13
1752705150.034415,16
1752705150.141362,15
1752705150.249109,15
1752705150.355914,17
1752705150.472050,16
1752705150.581963,16
1752705150.689486,16
1752705150.801371,17
1752705150.910951,16
1752705151.019221,16
1752705151.134654,17
1752705151.241509,17
1752705151.348895,19
1752705151.454544,18
1752705151.563259,18
1752705151.670366,18
1752705151.776861,18
1752705151.883569,18
1752705151.989761,19
1752705152.097880,19
1752705152.205310,19
1752705152.313893,18
1752705152.420335,18
1752705152.532798,18
1752705152.648765,18
1752705152.757115,18
1752705152.864557,16
1752705152.972142,16
1752705153.080295,16
1752705153.188710,16
1752705153.300699,17
1752705153.414000,14
1752705153.530114,15
1752705153.645755,13
1752705153.754254,13
1752705153.873896,14
1752705153.981106,13
1752705154.087934,14
1752705154.195302,15
1752705154.304223,14
1752705154.411347,14
1752705154.517366,14
1752705154.628025,15
1752705154.734584,14
1752705154.842286,16
1752705154.950108,15
1752705155.059842,15
1752705155.166711,15
1752705155.275091,15
1752705155.381588,16
1752705155.489032,16
1752705155.598455,15
1752705155.705440,16
1752705155.813123,17
1752705155.920061,17
1752705156.028867,18
1752705156.135802,17
1752705156.245147,17
1752705156.351841,18
1752705156.458728,18
1752705156.565643,18
1752705156.672967,18
1752705156.779385,18
1752705156.885526,19
1752705156.994006,19
1752705157.100939,20
1752705157.213882,19
1752705157.328425,19
1752705157.434381,19
1752705157.542063,19
1752705157.658435,19
1752705157.790462,15
1752705157.900265,15
1752705158.009259,16
1752705158.115317,16
1752705158.222044,16
1752705158.331923,16
1752705158.439728,15
1752705158.549589,16
1752705158.665170,15
1752705158.797810,16
1752705158.905218,16
1752705159.012406,16
1752705159.119415,15
1752705159.232459,16
1752705159.340074,15
1752705159.446779,17
1752705159.553870,16
1752705159.661507,16
1752705159.774744,15
1752705159.882276,16
1752705159.990399,16
1752705160.097491,17
1752705160.204836,18
1752705160.311368,18
1752705160.418700,17
1752705160.528483,18
1752705160.634456,18
1752705160.742362,18
1752705160.848910,18
1752705160.957612,19
1752705161.064623,19
1752705161.172240,19
1752705161.280193,17
1752705161.387514,16
1752705161.497020,16
1752705161.606437,16
1752705161.713537,14
1752705161.820700,14
1752705161.928237,10
1752705162.035860,9
1752705162.143203,8
1752705162.249296,9
1752705162.356952,10
1752705162.462981,10
1752705162.571136,11
1752705162.678101,10
1752705162.785814,12
1752705162.892045,10
1752705162.998848,11
1752705163.107123,11
1752705163.214448,13
1752705163.322360,13
1752705163.429141,12
1752705163.538533,13
1752705163.654104,14
1752705163.766191,13
1752705163.878341,13
1752705163.988433,14
1752705164.104922,14
1752705164.212055,14
1752705164.320801,14
1752705164.440975,14
1752705164.549605,15
1752705164.660089,15
1752705164.766713,15
1752705164.875360,15
1752705164.981026,16
1752705165.096282,16
1752705165.206066,16
1752705165.314338,16
1752705165.424786,17
1752705165.534285,17
1752705165.644130,17
1752705165.756026,17
1752705165.864037,17
1752705165.973055,17
1752705166.079849,18
1752705166.188479,18
1752705166.295602,19
1752705166.402393,18
1752705166.509182,18
1752705166.615118,19
1752705166.724857,20
1752705166.830768,19
1752705166.938472,19
1752705167.045115,19
1752705167.153528,19
1752705167.260170,18
1752705167.367485,19
1752705167.475205,18
1752705167.580824,18
1752705167.688177,18
1752705167.795148,16
1752705167.902914,17
1752705168.009624,11
1752705168.116047,10
1752705168.222816,10
1752705168.328841,10
1752705168.436847,10
1752705168.543990,11
1752705168.651986,12
1752705168.758216,13
1752705168.877606,12
1752705168.989023,12
1752705169.096255,12
1752705169.205350,13
1752705169.314146,13
1752705169.425102,12
1752705169.532714,14
1752705169.639398,14
1752705169.746143,14
1752705169.854190,14
1752705169.961180,16
1752705170.069582,15
1752705170.176509,15
1752705170.283607,15
1752705170.390552,16
1752705170.497136,15
1752705170.606329,15
1752705170.714553,16
1752705170.821610,16
1752705170.928132,16
1752705171.035080,18
1752705171.141306,17
1752705171.259573,17
1752705171.371281,17
1752705171.480862,18
1752705171.592509,18
1752705171.698905,18
1752705171.806065,19
1752705171.912745,18
1752705172.020902,19
1752705172.127088,18
1752705172.235080,19
1752705172.342331,19
1752705172.451960,19
1752705172.558276,19
1752705172.665601,19
1752705172.772719,19
1752705172.886840,20
1752705173.003444,19
1752705173.110178,19
1752705173.218920,19
1752705173.325305,19
1752705173.432483,18
1752705173.540023,17
1752705173.646590,17
1752705173.753308,14
1752705173.860255,10
1752705173.967238,10
1752705174.073437,11
1752705174.185086,10
1752705174.292873,12
1752705174.407417,11
1752705174.514427,12
1752705174.621225,13
1752705174.727972,13
1752705174.849608,13
1752705174.959185,13
1752705175.069877,13
1752705175.180522,14
1752705175.291499,14
1752705175.402044,14
1752705175.508363,13
1752705175.619483,14
1752705175.727247,15
1752705175.834664,15
1752705175.941077,15
1752705176.052080,15
1752705176.158959,16
1752705176.266438,16
1752705176.374584,16
1752705176.481960,16
1752705176.599901,16
1752705176.706591,17
1752705176.815691,17
1752705176.922010,17
1752705177.030047,17
1752705177.136874,17
1752705177.243659,19
1752705177.351455,18
1752705177.457723,17
1752705177.565820,18
1752705177.674339,18
1752705177.784472,18
1752705177.891222,20
1752705177.998141,19
1752705178.106770,19
1752705178.214576,19
1752705178.321407,19
1752705178.428146,19
1752705178.534968,19
1752705178.641544,19
1752705178.749515,18
1752705178.856235,18
1752705178.964105,18
1752705179.071201,16
1752705179.178876,15
1752705179.285167,9
1752705179.391221,10
1752705179.499165,10
1752705179.613767,11
1752705179.812718,11
1752705179.973965,12
1752705180.082406,12
1752705180.307476,12
1752705180.435074,13
1752705180.593710,13
1752705180.700745,13
1752705180.808549,13
1752705180.917071,14
1752705181.024193,15
1752705181.132649,14
1752705181.239568,14
1752705181.346704,15
1752705181.460237,15
1752705181.569381,15
1752705181.675664,15
1752705181.782604,15
1752705181.890217,15
1752705181.999082,16
1752705182.105170,16
1752705182.216615,16
1752705182.323916,17
1752705182.432846,17
1752705182.539951,17
1752705182.649650,17
1752705182.755960,17
1752705182.863405,17
1752705182.969918,18
1752705183.078228,19
1752705183.184718,18
1752705183.291815,18
1752705183.398653,18
1752705183.504792,19
1752705183.611131,19
1752705183.718138,19
1752705183.825000,19
1752705183.931929,20
1752705184.038614,19
1752705184.147088,19
1752705184.253979,19
1752705184.361432,19
1752705184.469020,19
1752705184.576787,19
1752705184.684358,18
1752705184.792083,17
1752705184.899744,18
1752705185.005804,14
1752705185.113240,10
1752705185.219620,10
1752705185.327513,11
1752705185.435897,11
1752705185.544050,13
1752705185.650170,12
1752705185.758021,12
1752705185.864426,12
1752705185.971361,13
1752705186.080088,13
1752705186.186923,13
1752705186.294372,13
1752705186.400939,14
1752705186.512396,14
1752705186.619995,14
1752705186.727992,14
1752705186.836106,14
1752705186.945108,14
1752705187.051321,15
1752705187.159166,15
1752705187.266118,15
1752705187.373542,15
1752705187.488908,16
1752705187.595809,16
1752705187.711054,16
1752705187.818593,16
1752705187.935973,17
1752705188.052427,17
1752705188.162112,17
1752705188.281505,17
1752705188.390712,18
1752705188.500286,18
1752705188.609024,18
1752705188.718438,18
1752705188.828437,18
1752705188.936289,19
1752705189.053656,19
1752705189.161651,18
1752705189.269530,18
1752705189.378232,17
1752705189.484599,18
1752705189.592561,18
1752705189.699189,18
1752705189.806263,16
1752705189.914448,16
1752705190.020572,9
1752705190.128340,10
1752705190.234013,10
1752705190.341351,10
1752705190.459795,11
1752705190.569349,11
1752705190.683062,12
1752705190.792352,12
1752705190.901716,13
1752705191.012160,12
1752705191.121987,13
1752705191.232120,13
1752705191.340908,13
1752705191.448162,13
1752705191.554629,14
1752705191.662448,14
1752705191.769433,14
1752705191.877116,14
1752705191.983415,14
1752705192.090883,14
1752705192.197745,15
1752705192.306795,15
1752705192.413255,15
1752705192.519321,16
1752705192.626423,16
1752705192.733027,16
1752705192.841478,16
1752705192.948006,16
1752705193.056284,16
1752705193.162917,17
1752705193.277730,17
1752705193.384523,17
1752705193.492055,17
1752705193.599379,18
1752705193.709650,18
1752705193.815553,18
1752705193.922622,19
1752705194.049068,18
1752705194.158820,19
1752705194.265890,18
1752705194.385404,18
1752705194.493096,19
1752705194.600366,18
1752705194.708826,19
1752705194.814482,19
1752705194.922353,19
1752705195.028767,19
1752705195.135034,18
1752705195.242756,18
1752705195.349174,18
1752705195.457992,16
1752705195.564425,14
1752705195.673617,10
1752705195.780801,11
1752705195.889285,10
1752705195.995841,10
1752705196.104301,11
1752705196.212101,11
1752705196.319194,12
1752705196.427840,13
1752705196.533937,12
1752705196.642119,12
1752705196.759491,13
1752705196.866320,13
1752705196.974346,13
1752705197.081188,13
1752705197.189959,13
1752705197.297883,15
1752705197.409031,14
1752705197.517190,15
1752705197.624000,15
1752705197.730421,15
1752705197.842457,15
1752705197.949866,15
1752705198.058048,16
1752705198.164752,16
1752705198.273283,16
1752705198.381179,16
1752705198.488376,16
1752705198.594739,16
1752705198.709031,18
1752705198.815222,17
1752705198.922890,17
1752705199.029380,17
1752705199.138168,17
1752705199.244968,19
1752705199.352864,18
1752705199.459420,18
1752705199.565678,18
1752705199.676683,18
1752705199.782890,18
1752705199.892520,19
1752705199.998672,19
1752705200.141855,19
1752705200.251820,19
1752705200.361982,19
1752705200.477002,19
1752705200.584612,19
1752705200.691999,18
1752705200.798643,17
1752705200.923543,19
1752705201.030785,19
1752705201.140022,19
1752705201.246859,17
1752705201.355444,18
1752705201.462485,17
1752705201.570596,15
1752705201.677467,9
1752705201.784056,10
1752705201.892101,10
1752705201.997942,11
1752705202.108053,12
1752705202.215113,12
1752705202.321944,12
1752705202.428983,14
1752705202.538510,13
1752705202.644963,13
1752705202.752476,13
1752705202.859252,13
1752705202.971630,15
1752705203.077681,14
1752705203.185225,13
1752705203.322057,14
1752705203.428630,15
1752705203.542747,16
1752705203.649173,15
1752705203.755496,15
1752705203.861916,15
1752705203.972187,16
1752705204.078230,16
1752705204.186307,15
1752705204.292989,16
1752705204.556639,18
1752705204.664923,18
1752705204.772248,17
1752705204.878093,17
1752705204.985351,18
1752705205.092396,18
1752705205.201539,17
1752705205.309251,17
1752705205.418420,19
1752705205.525898,18
1752705205.634145,18
1752705205.743955,18
1752705205.852211,19
1752705206.005273,20
1752705206.112314,19
1752705206.219587,19
1752705206.329372,19
1752705206.438679,19
1752705206.547212,19
1752705206.654181,17
1752705206.761023,17
1752705206.872190,16
1752705206.978788,11
1752705207.086076,10
1752705207.192456,11
1752705207.299496,12
1752705207.406640,12
1752705207.513745,12
1752705207.620629,13
1752705207.726568,13
1752705207.833159,13
1752705207.939491,15
1752705208.045137,15
1752705208.153065,16
1752705208.260036,17
1752705208.368746,16
1752705208.475172,17
1752705208.582774,16
1752705208.690834,17
1752705208.799030,17
1752705208.921439,18
1752705209.032116,19
1752705209.139734,19
1752705209.246709,19
1752705209.354526,19
1752705209.465098,19
1752705209.572093,18
1752705209.680332,19
1752705209.789413,19
1752705209.897805,16
1752705210.006199,15
1752705210.114626,15
1752705210.222667,17
1752705210.336160,15
1752705210.443391,14
1752705210.550672,15
1752705210.658929,16
1752705210.773850,16
1752705210.888103,17
1752705210.996795,17
1752705211.105041,16
1752705211.251920,16
1752705211.362283,18
1752705211.469647,18
1752705211.576861,19
1752705211.683601,19
1752705211.788893,18
1752705211.897984,19
1752705212.004872,18
1752705212.111827,14
1752705212.220860,9
1752705212.330044,7
1752705212.436765,7
1752705212.544758,8
1752705212.651926,9
1752705212.758182,10
1752705212.874351,9
1752705212.982200,11
1752705213.088657,10
1752705213.195075,9
1752705213.302270,10
1752705213.408815,10
1752705213.515664,11
1752705213.622444,11
1752705213.730401,10
1752705213.836309,10
1752705213.942695,10
1752705214.051254,10
1752705214.157805,10
1752705214.266423,12
1752705214.372596,11
1752705214.479421,12
1752705214.586139,11
1752705214.694866,12
1752705214.801562,13
1752705214.907556,13
1752705215.014538,13
1752705215.120897,13
1752705215.228785,14
1752705215.335032,13
1752705215.442032,14
1752705215.549241,14
1752705215.655319,14
1752705215.763361,14
1752705215.869185,15
1752705215.975255,15
1752705216.098353,15
1752705216.206697,15
1752705216.316728,15
1752705216.422755,15
1752705216.532123,16
1752705216.640886,16
1752705216.751398,16
1752705216.864455,18
1752705216.974409,18
1752705217.084133,18
1752705217.192275,18
1752705217.299036,19
1752705217.405476,19
1752705217.512900,19
1752705217.619235,19
1752705217.731208,19
1752705217.841512,19
1752705217.950184,19
1752705218.059837,19
1752705218.168164,18
1752705218.276282,18
1752705218.383488,17
1752705218.489768,17
1752705218.597739,16
1752705218.704023,17
1752705218.810508,16
1752705218.917286,17
1752705219.023724,17
1752705219.130799,16
1752705219.237764,17
1752705219.345744,17
1752705219.452502,17
1752705219.560099,16
1752705219.667619,18
1752705219.774867,18
1752705219.881244,17
1752705219.986766,17
1752705220.095103,17
1752705220.201764,18
1752705220.309071,17
1752705220.415013,17
1752705220.523377,18
1752705220.632057,17
1752705220.738732,18
1752705220.845827,17
1752705220.952401,19
1752705221.059518,18
1752705221.166157,18
1752705221.272145,19
1752705221.379065,18
1752705221.484502,19
1752705221.592476,19
1752705221.699168,19
1752705221.805111,19
1752705221.912360,18
1752705222.018831,20
1752705222.126837,19
1752705222.233065,17
1752705222.340260,16
1752705222.460836,14
1752705222.570513,16
1752705222.677680,14
1752705222.784217,14
1752705222.890800,15
1752705222.997175,15
1752705223.104362,14
1752705223.211034,15
1752705223.320326,15
1752705223.427517,15
1752705223.549709,15
1752705223.662791,14
1752705223.774812,15
1752705223.886993,16
1752705224.013266,13
1752705224.121817,13
1752705224.233006,14
1752705224.340551,14
1752705224.448052,15
1752705224.554463,14
1752705224.677564,15
1752705224.784214,16
1752705224.892526,16
1752705224.998385,16
1752705225.106597,15
1752705225.213473,16
1752705225.326636,17
1752705225.432953,18
1752705225.539664,17
1752705225.645993,17
1752705225.752470,17
1752705225.862682,17
1752705225.968498,17
1752705226.075518,17
1752705226.182194,18
1752705226.290382,17
1752705226.397332,17
1752705226.504158,17
1752705226.610743,19
1752705226.716866,19
1752705226.824090,19
1752705226.930411,19
1752705227.037626,19
1752705227.144661,19
1752705227.251709,19
1752705227.359322,19
1752705227.465887,19
1752705227.573503,19
1752705227.680200,19
1752705227.786625,19
1752705227.894303,19
1752705228.001695,19
1752705228.110029,19
1752705228.216927,19
1752705228.327279,19
1752705228.433741,19
1752705228.541868,20
1752705228.648542,19
1752705228.756193,18
1752705228.862381,19
1752705228.969246,17
1752705229.078514,18
1752705229.189970,18
1752705229.296227,18
1752705229.403352,15
1752705229.510662,15
1752705229.617193,17
1752705229.726627,15
1752705229.832995,16
1752705229.940480,16
1752705230.047286,16
1752705230.158181,17
1752705230.264835,17
1752705230.371715,17
1752705230.477778,18
1752705230.584954,18
1752705230.700505,18
1752705230.807702,18
1752705230.913798,18
1752705231.021761,18
1752705231.127855,18
1752705231.233517,18
1752705231.340844,18
1752705231.447907,18
1752705231.555066,20
1752705231.661641,19
1752705231.774788,19
1752705231.882963,19
1752705231.993079,18
1752705232.099960,19
1752705232.210206,19
1752705232.317662,19
1752705232.427908,20
1752705232.539348,19
1752705232.648493,18
1752705232.756489,16
1752705232.867374,14
1752705232.974024,15
1752705233.080373,15
1752705233.190456,14
1752705233.297551,15
1752705233.405254,16
1752705233.512454,14
1752705233.625396,15
1752705233.734952,15
1752705233.841887,15
1752705233.947899,13
1752705234.056605,14
1752705234.171212,15
1752705234.278030,13
1752705234.390752,14
1752705234.497272,15
1752705234.604033,15
1752705234.713862,16
1752705234.827060,16
1752705234.939168,16
1752705235.045323,16
1752705235.155061,16
1752705235.271188,15
1752705235.378082,16
1752705235.486737,16
1752705235.593239,17
1752705235.700102,15
1752705235.806101,16
1752705235.912282,17
1752705236.020023,17
1752705236.126331,18
1752705236.233091,17
1752705236.340273,18
1752705236.446278,18
1752705236.552795,18
1752705236.658915,18
1752705236.765308,19
1752705236.872015,19
1752705236.978342,19
1752705237.086859,19
1752705237.193609,19
1752705237.301322,19
1752705237.408097,18
1752705237.515087,18
1752705237.623217,15
1752705237.729610,15
1752705237.837102,17
1752705237.943931,15
1752705238.052979,15
1752705238.159341,16
1752705238.268298,15
1752705238.376279,16
1752705238.497692,15
1752705238.606858,15
1752705238.714165,15
1752705238.821091,14
1752705238.928894,16
1752705239.037099,14
1752705239.142974,15
1752705239.252653,16
1752705239.359929,16
1752705239.466987,15
1752705239.577193,16
1752705239.687931,16
1752705239.794520,16
1752705239.903279,16
1752705240.010171,17
1752705240.119984,16
1752705240.225810,16
1752705240.333733,17
1752705240.440337,17
1752705240.546308,17
1752705240.655603,18
1752705240.762090,19
1752705240.869295,19
1752705240.975901,18
1752705241.083303,19
1752705241.189891,19
1752705241.298024,19
1752705241.404610,19
1752705241.510795,19
1752705241.617240,19
1752705241.723012,20
1752705241.830739,17
1752705241.937992,15
1752705242.044197,16
1752705242.151050,16
1752705242.259576,15
1752705242.367324,16
1752705242.473919,16
1752705242.582687,15
1752705242.688651,16
1752705242.794627,15
1752705242.902546,17
1752705243.010200,15
1752705243.156079,16
1752705243.275319,16
1752705243.389542,16
1752705243.497568,16
1752705243.606545,16
1752705243.719734,16
1752705243.826997,16
1752705243.936341,16
1752705244.044281,16
1752705244.157060,17
1752705244.264518,17
1752705244.370780,16
1752705244.476737,16
1752705244.589628,16
1752705244.696604,16
1752705244.807886,16
1752705244.920109,16
1752705245.026251,17
1752705245.134035,17
1752705245.240024,17
1752705245.348967,17
1752705245.461236,17
1752705245.567451,17
1752705245.674078,17
1752705245.785344,17
1752705245.892922,17
1752705246.000655,17
1752705246.108139,17
1752705246.216193,19
1752705246.322689,17
1752705246.429187,18
1752705246.540585,18
1752705246.649095,18
1752705246.755449,19
1752705246.863091,19
1752705246.969223,19
1752705247.076107,19
1752705247.187266,19
1752705247.294702,19
1752705247.402992,20
1752705247.510977,19
1752705247.619367,19
1752705247.725459,19
1752705247.832839,19
1752705247.938543,19
1752705248.046087,17
1752705248.152404,17
1752705248.258163,17
1752705248.364998,18
1752705248.471087,17
1752705248.578089,16
1752705248.684520,17
1752705248.790244,16
1752705248.897529,18
1752705249.004131,17
1752705249.112551,17
1752705249.220813,17
1752705249.331054,17
1752705249.440145,18
1752705249.555869,17
1752705249.662975,17
1752705249.769849,18
1752705249.878908,17
1752705249.984666,17
1752705250.090334,18
1752705250.197745,18
1752705250.304347,18
1752705250.411830,17
1752705250.518462,18
1752705250.625108,18
1752705250.732427,18
1752705250.838604,18
1752705250.948038,18
1752705251.054449,18
1752705251.163512,18
1752705251.270663,19
1752705251.377762,19
1752705251.484283,19
1752705251.590441,19
1752705251.698192,18
1752705251.804907,19
1752705251.912354,20
1752705252.018275,19
1752705252.125459,18
1752705252.232502,18
1752705252.338930,19
1752705252.445466,20
1752705252.551691,19
1752705252.658076,19
1752705252.765439,19
1752705252.871254,19
1752705252.978056,19
1752705253.084335,19
1752705253.191605,19
1752705253.298827,19
1752705253.411333,19
1752705253.518027,19
1752705253.625557,19
1752705253.732167,19
1752705253.839992,17
1752705253.949288,17
1752705254.056125,17
1752705254.163364,18
1752705254.269533,15
1752705254.385909,15
1752705254.494008,16
1752705254.600984,16
1752705254.716433,16
1752705254.822657,12
1752705254.930372,12
1752705255.037109,13
1752705255.153360,12
1752705255.261332,13
1752705255.367922,14
1752705255.477335,14
1752705255.583625,14
1752705255.689958,14
1752705255.798481,14
1752705255.907273,14
1752705256.016572,15
1752705256.126854,15
1752705256.233288,16
1752705256.344739,15
1752705256.451941,16
1752705256.560109,15
1752705256.666620,16
1752705256.775177,16
1752705256.889434,16
1752705256.996990,16
1752705257.104048,17
1752705257.213285,17
1752705257.320602,17
1752705257.429703,17
1752705257.536715,17
1752705257.644184,17
1752705257.750746,19
1752705257.858232,18
1752705257.964667,17
1752705258.070420,18
1752705258.177328,18
1752705258.283417,19
1752705258.390110,19
1752705258.497005,18
1752705258.602927,19
1752705258.710390,19
1752705258.816246,19
1752705258.923832,20
1752705259.069847,19
1752705259.182840,18
1752705259.292920,18
1752705259.399398,18
1752705259.506213,14
1752705259.613887,10
1752705259.721164,11
1752705259.827950,11
1752705259.934684,11
1752705260.041465,11
1752705260.148708,12
1752705260.256112,11
1752705260.362153,12
1752705260.468346,12
1752705260.575493,12
1752705260.681892,13
1752705260.789812,13
1752705260.897579,13
1752705261.007822,13
1752705261.114359,13
1752705261.221182,13
1752705261.328271,14
1752705261.434008,14
1752705261.544620,14
1752705261.651956,14
1752705261.758894,15
1752705261.865088,15
1752705261.972238,15
1752705262.078894,15
1752705262.185888,16
1752705262.293253,16
1752705262.400049,16
1752705262.506732,16
1752705262.613333,16
1752705262.720534,16
1752705262.827473,17
1752705262.932949,17
1752705263.039937,18
1752705263.146358,17
1752705263.252994,17
1752705263.360803,17
1752705263.466905,18
1752705263.573797,18
1752705263.680407,18
1752705263.787404,18
1752705263.893689,19
1752705264.000250,20
1752705264.107691,19
1752705264.213981,18
1752705264.321365,19
1752705264.427514,19
1752705264.533278,20
1752705264.641099,19
1752705264.747157,19
1752705264.854458,19
1752705264.963002,19
1752705265.073061,19
1752705265.180063,20
1752705265.288456,15
1752705265.394921,9
1752705265.514007,6
1752705265.622562,6
1752705265.729237,6
1752705265.840937,6
1752705265.948128,7
1752705266.054774,6
1752705266.161189,7
1752705266.270224,7
1752705266.378007,8
1752705266.484078,9
1752705266.591063,9
1752705266.697062,9
1752705266.806789,9
1752705266.914710,10
1752705267.022021,11
1752705267.129476,12
1752705267.238292,11
1752705267.345350,11
1752705267.453542,10
1752705267.561461,11
1752705267.680667,13
1752705267.788050,12
1752705267.894312,12
1752705268.003827,13
1752705268.114055,13
1752705268.222416,13
1752705268.330215,13
1752705268.437598,14
1752705268.544206,14
1752705268.651565,14
1752705268.758001,14
1752705268.865186,14
1752705268.971654,14
1752705269.077929,16
1752705269.184680,15
1752705269.291191,15
1752705269.397378,16
1752705269.505064,16
1752705269.611268,16
1752705269.718122,16
1752705269.825231,15
1752705269.938061,17
1752705270.044554,17
1752705270.152630,18
1752705270.259995,17
1752705270.373098,17
1752705270.479212,18
1752705270.587014,18
1752705270.694747,19
1752705270.806637,18
1752705270.921956,18
1752705271.029213,17
1752705271.141594,19
1752705271.249072,19
1752705271.358019,19
1752705271.466231,19
1752705271.574269,20
1752705271.680282,19
1752705271.787223,19
1752705271.894312,18
1752705272.002324,18
1752705272.109868,18
1752705272.219111,17
1752705272.325731,10
1752705272.440785,10
1752705272.546404,10
1752705272.654072,11
1752705272.760754,11
1752705272.870304,11
1752705272.976436,11
1752705273.085588,11
1752705273.192436,12
1752705273.300349,11
1752705273.406145,12
1752705273.512450,12
1752705273.621122,13
1752705273.727596,13
1752705273.836959,12
1752705273.943949,13
1752705274.050399,13
1752705274.156864,14
1752705274.264025,15
1752705274.372635,14
1752705274.478035,15
1752705274.589824,15
1752705274.696241,15
1752705274.804456,15
1752705274.910633,15
1752705275.027247,16
1752705275.146168,16
1752705275.254169,16
1752705275.364225,16
1752705275.476738,16
1752705275.588182,17
1752705275.694618,17
1752705275.802680,17
1752705275.909011,17
1752705276.017125,17
1752705276.123894,18
1752705276.232345,18
1752705276.340685,18
1752705276.446520,18
1752705276.554034,18
1752705276.660494,20
1752705276.769438,19
1752705276.875609,19
1752705276.981820,19
1752705277.089088,20
1752705277.194912,19
1752705277.304164,19
1752705277.410149,19
1752705277.518569,19
1752705277.625226,17
1752705277.730837,17
1752705277.839991,17
1752705277.946427,12
1752705278.055019,9
1752705278.161600,9
1752705278.270667,10
1752705278.379561,11
1752705278.486912,10
1752705278.593175,11
1752705278.698982,11
1752705278.808183,13
1752705278.914619,12
1752705279.028738,12
1752705279.139046,12
1752705279.245773,13
1752705279.352495,13
1752705279.458542,13
1752705279.564950,13
1752705279.671889,14
1752705279.778290,15
1752705279.885208,14
1752705279.992181,14
1752705280.098482,15
1752705280.208231,15
1752705280.314895,15
1752705280.422099,14
1752705280.528938,16
1752705280.639408,16
1752705280.745133,16
1752705280.853688,16
1752705280.960782,16
1752705281.068344,17
1752705281.180321,18
1752705281.287638,18
1752705281.395000,17
1752705281.504820,17
1752705281.618283,17
1752705281.725235,18
1752705281.832143,18
1752705281.943969,17
1752705282.049976,18
1752705282.157757,18
1752705282.266116,18
1752705282.373532,19
1752705282.479858,19
1752705282.586206,18
1752705282.693527,20
1752705282.800246,19
1752705282.907243,19
1752705283.013417,20
1752705283.121397,19
1752705283.228308,18
1752705283.334984,18
1752705283.442595,17
1752705283.549196,12
1752705283.656176,10
1752705283.762530,10
1752705283.869317,10
1752705283.977520,12
1752705284.083595,11
1752705284.191187,11
1752705284.298103,11
1752705284.425453,12
1752705284.531882,11
1752705284.640501,12
1752705284.746754,12
1752705284.853167,13
1752705284.960240,13
1752705285.066584,14
1752705285.174904,13
1752705285.281512,13
1752705285.388257,14
1752705285.495317,15
1752705285.602218,14
1752705285.710683,14
1752705285.817087,15
1752705285.929451,15
1752705286.035673,15
1752705286.146069,15
1752705286.253041,17
1752705286.360221,16
1752705286.467681,16
1752705286.580271,16
1752705286.688372,16
1752705286.795007,17
1752705286.901350,17
1752705287.010480,17
1752705287.125896,17
1752705287.232347,17
1752705287.343174,18
1752705287.451062,18
1752705287.557990,18
1752705287.663927,18
1752705287.770232,18
1752705287.910942,18
1752705288.017381,19
1752705288.124492,19
1752705288.230680,18
1752705288.337440,20
1752705288.449260,19
1752705288.556830,19
1752705288.670914,19
1752705288.778821,19
1752705288.885128,19
1752705288.993402,19
1752705289.101103,19
1752705289.212535,17
1752705289.322396,11
1752705289.429387,10
1752705289.536191,11
1752705289.645782,10
1752705289.752342,11
1752705289.869151,11
1752705289.982165,12
1752705290.088582,12
1752705290.195484,12
1752705290.302744,12
1752705290.409674,12
1752705290.516656,13
1752705290.623740,14
1752705290.730875,13
1752705290.837598,13
1752705290.946084,14
1752705291.052785,14
1752705291.160325,14
1752705291.266631,14
1752705291.373023,15
1752705291.480928,15
1752705291.588730,15
1752705291.696904,14
1752705291.803433,16
1752705291.914530,17
1752705292.020826,16
1752705292.129780,16
1752705292.236776,16
1752705292.346133,17
1752705292.452594,17
1752705292.560157,17
1752705292.668415,17
1752705292.780145,17
1752705292.886258,17
1752705292.997299,18
1752705293.104575,18
1752705293.217192,18
1752705293.325312,17
1752705293.433393,18
1752705293.539183,19
1752705293.648555,19
1752705293.756012,19
1752705293.888154,18
1752705293.998410,19
1752705294.105182,19
1752705294.214290,20
1752705294.320773,19
1752705294.429274,19
1752705294.534971,19
1752705294.641560,19
1752705294.752331,19
1752705294.860876,17
1752705294.968637,10
1752705295.081213,9
1752705295.188609,10
1752705295.297327,10
1752705295.404608,11
1752705295.526352,11
1752705295.633434,12
1752705295.739427,12
1752705295.850056,12
1752705295.957087,12
1752705296.064402,13
1752705296.170446,13
1752705296.281259,13
1752705296.387013,13
1752705296.493980,14
1752705296.601001,14
1752705296.708452,14
1752705296.818302,14
1752705296.932359,14
1752705297.038672,14
1752705297.151960,15
1752705297.258176,16
1752705297.365706,16
1752705297.474895,17
1752705297.583135,19
1752705297.690303,19
1752705297.798390,19
1752705297.905035,19
1752705298.014029,18
1752705298.120621,18
1752705298.229703,17
1752705298.337340,19
1752705298.449766,15
1752705298.556691,16
1752705298.664526,20
1752705298.771323,19
1752705298.880279,19
1752705298.989629,19
1752705299.097597,20
1752705299.204801,19
1752705299.311577,20
1752705299.418384,20
1752705299.525752,20
1752705299.633470,20
1752705299.740607,19
1752705299.848195,20
1752705299.957558,20
1752705300.066968,20
1752705300.173708,19
1752705300.285755,16
1752705300.392590,13
1752705300.501011,12
1752705300.607943,11
1752705300.718511,9
1752705300.827064,11
1752705300.934049,13
1752705301.041016,14
1752705301.149316,16
1752705301.257261,17
1752705301.366099,20
1752705301.472875,20
1752705301.581211,19
1752705301.689257,18
1752705301.796507,19
1752705301.904350,19
1752705302.012221,18
1752705302.118645,17
1752705302.224823,17
1752705302.332847,18
1752705302.439593,20
1752705302.548583,20
1752705302.655531,20
1752705302.761915,19
1752705302.869736,19
1752705302.976103,19
1752705303.084440,19
1752705303.191384,16
1752705303.298762,15
1752705303.405310,16
1752705303.511873,18
1752705303.620805,20
1752705303.727583,19
1752705303.835101,20
1752705303.941621,19
1752705304.049217,18
1752705304.156097,18
1752705304.262732,15
1752705304.370985,13
1752705304.477667,12
1752705304.586608,13
1752705304.693299,13
1752705304.800617,15
1752705304.906978,18
1752705305.013542,19
1752705305.127041,19
1752705305.235195,14
1752705305.342546,15
1752705305.461667,15
1752705305.569138,15
1752705305.675121,15
1752705305.784867,14
1752705305.891685,14
1752705305.998977,15
1752705306.105506,18
1752705306.212071,20
1752705306.323092,20
1752705306.429602,15
1752705306.537091,15
1752705306.643250,15
1752705306.750407,15
1752705306.857333,15
1752705306.963518,14
1752705307.070916,16
1752705307.177099,17
1752705307.284475,19
1752705307.391620,19
1752705307.499926,20
1752705307.606135,15
1752705307.712198,17
1752705307.819149,17
1752705307.926673,15
1752705308.034554,16
1752705308.141733,16
1752705308.257142,16
1752705308.363920,17
1752705308.471586,20
1752705308.577987,19
1752705308.687795,19
1752705308.794055,17
1752705308.905093,18
1752705309.011231,18
1752705309.121808,16
1752705309.230409,16
1752705309.339345,16
1752705309.446143,16
1752705309.564435,19
1752705309.672867,19
1752705309.778549,19
1752705309.885500,20
1752705309.991984,15
1752705310.098804,16
1752705310.205857,17
1752705310.331101,15
1752705310.441328,15
1752705310.547368,15
1752705310.656221,12
1752705310.763000,5
1752705310.870343,2
1752705310.977533,1
1752705311.084917,2
1752705311.193530,5
1752705311.300759,6
1752705311.408497,7
1752705311.515027,9
1752705311.622074,9
1752705311.728747,9
1752705311.836329,10
1752705311.944533,9
1752705312.055552,9
1752705312.161355,10
1752705312.267768,9
1752705312.374777,8
1752705312.480976,8
1752705312.589946,9
1752705312.697067,7
1752705312.805342,8
1752705312.912624,8
1752705313.027255,8
1752705313.134071,9
1752705313.241155,9
1752705313.348333,10
1752705313.457248,8
1752705313.564128,8
1752705313.670590,9
1752705313.776819,8
1752705313.883103,8
1752705313.992266,7
1752705314.098236,9
1752705314.205368,9
1752705314.311347,7
1752705314.417550,7
1752705314.526168,7
1752705314.632385,7
1752705314.740403,8
1752705314.847109,7
1752705314.955261,8
1752705315.061294,8
1752705315.167664,9
1752705315.274835,9
1752705315.380799,8
1752705315.489747,8
1752705315.596860,7
1752705315.703685,7
1752705315.809640,8
1752705315.916028,8
1752705316.024307,7
1752705316.130948,7
1752705316.237894,7
1752705316.344671,8
1752705316.451280,7
1752705316.569884,7
1752705316.676982,7
1752705316.783044,6
1752705316.890491,7
1752705316.996772,7
1752705317.104308,7
1752705317.210824,7
1752705317.317340,7
1752705317.425066,7
1752705317.532184,6
1752705317.645454,7
1752705317.751274,8
1752705317.860672,7
1752705317.967165,8
1752705318.074589,9
1752705318.181116,7
1752705318.290222,8
1752705318.396662,8
1752705318.503177,8
1752705318.611139,9
1752705318.718573,9
1752705318.826857,9
1752705318.933151,8
1752705319.040166,8
1752705319.149773,8
1752705319.262844,9
1752705319.369608,8
1752705319.478858,8
1752705319.585466,7
1752705319.694773,7
1752705319.806767,7
1752705319.913827,6
1752705320.020314,7
1752705320.128114,6
1752705320.235163,8
1752705320.342681,7
1752705320.449354,7
1752705320.560217,7
1752705320.666344,7
1752705320.773807,7
1752705320.880957,9
1752705320.986584,8
1752705321.098227,4
1752705321.205291,1
1752705321.312936,1
1752705321.419387,2
1752705321.530093,4
1752705321.636595,5
1752705321.745421,5
1752705321.852681,7
1752705321.961939,6
1752705322.068381,6
1752705322.176681,7
1752705322.284479,7
1752705322.404939,9
1752705322.512263,8
1752705322.618368,7
1752705322.727665,9
1752705322.834580,8
1752705322.942076,8
1752705323.048653,7
1752705323.158088,8
1752705323.266412,8
1752705323.373572,8
1752705323.480224,7
1752705323.586438,7
1752705323.698552,8
1752705323.805160,9
1752705323.913073,8
1752705324.020113,6
1752705324.129853,7
1752705324.236178,8
1752705324.343123,7
1752705324.453313,7
1752705324.569165,8
1752705324.677361,8
1752705324.783752,7
1752705324.890455,9
1752705325.000824,8
1752705325.107715,7
1752705325.214280,8
1752705325.321325,10
1752705325.436756,8
1752705325.543689,8
1752705325.651433,7
1752705325.760468,8
1752705325.873229,8
1752705325.981757,8
1752705326.088197,9
1752705326.200203,6
1752705326.306212,7
1752705326.413429,7
1752705326.519900,8
1752705326.626615,7
1752705326.733021,6
1752705326.840079,8
1752705326.947794,8
1752705327.054787,7
1752705327.162684,7
1752705327.269094,7
1752705327.376216,7
1752705327.484491,8
1752705327.590873,8
1752705327.701547,7
1752705327.808556,7
1752705327.916442,7
1752705328.023455,8
1752705328.132751,7
1752705328.239269,7
1752705328.347362,7
1752705328.454484,7
1752705328.561026,7
1752705328.677088,7
1752705328.783927,7
1752705328.892246,8
1752705329.001255,9
1752705329.107383,8
1752705329.215059,8
1752705329.321522,9
1752705329.435514,8
1752705329.542522,8
1752705329.649588,7
1752705329.756435,8
1752705329.865144,9
1752705329.979188,8
1752705330.085783,8
1752705330.192424,7
1752705330.303467,8
1752705330.410347,9
1752705330.516989,8
1752705330.623729,8
1752705330.734907,8
1752705330.841991,9
1752705330.950158,8
1752705331.056463,8
1752705331.166294,9
1752705331.272888,6
1752705331.380022,6
1752705331.486284,1
1752705331.592703,1
1752705331.702692,2
1752705331.808869,2
1752705331.916456,4
1752705332.022586,6
1752705332.130713,5
1752705332.237392,6
1752705332.344832,6
1752705332.452029,6
1752705332.558225,8
1752705332.667409,6
1752705332.773133,8
1752705332.879951,8
1752705332.987514,10
1752705333.097987,8
1752705333.205195,8
1752705333.312097,9
1752705333.419904,8
1752705333.525964,8
1752705333.635131,8
1752705333.740880,9
1752705333.848277,8
1752705333.954354,8
1752705334.060498,8
1752705334.169133,8
1752705334.274800,8
1752705334.381767,8
1752705334.488154,7
1752705334.594155,9
1752705334.702236,8
1752705334.808978,8
1752705334.917696,9
1752705335.024084,8
1752705335.135560,9
1752705335.242041,8
1752705335.350558,8
1752705335.457625,8
1752705335.565965,9
1752705335.685194,8
1752705335.797207,9
1752705335.916977,8
1752705336.023085,9
1752705336.130249,9
1752705336.238834,9
1752705336.348754,9
1752705336.455283,8
1752705336.561883,8
1752705336.669175,8
1752705336.774987,8
1752705336.889422,8
1752705337.001427,9
1752705337.107056,8
1752705337.216185,10
1752705337.323657,8
1752705337.434793,8
1752705337.540442,7
1752705337.647666,8
1752705337.755373,9
1752705337.861140,8
1752705337.970039,9
1752705338.076537,9
1752705338.184979,8
1752705338.293809,8
1752705338.400677,8
1752705338.509237,8
1752705338.620245,8
1752705338.733633,6
1752705338.841297,7
1752705338.949391,7
1752705339.056002,8
1752705339.162086,8
1752705339.269786,8
1752705339.376020,9
1752705339.482856,10
1752705339.589526,8
1752705339.697824,8
1752705339.805290,9
1752705339.920022,8
1752705340.028276,8
1752705340.137894,8
1752705340.246769,8
1752705340.405080,7
1752705340.515100,6
1752705340.622676,7
1752705340.731236,9
1752705340.838885,7
1752705340.946802,8
1752705341.056846,8
1752705341.164877,8
1752705341.271919,8
1752705341.378552,9
1752705341.486312,8
1752705341.593813,8
1752705341.702362,7
1752705341.810603,1
1752705341.919206,1
1752705342.026427,2
1752705342.134672,4
1752705342.242865,6
1752705342.350010,4
1752705342.458646,4
1752705342.577492,4
1752705342.686353,5
1752705342.794250,7
1752705342.903992,6
1752705343.014309,6
1752705343.123844,7
1752705343.240296,7
1752705343.350292,8
1752705343.458828,8
1752705343.567210,8
1752705343.675465,8
1752705343.781844,8
1752705343.891598,7
1752705344.000884,9
1752705344.107195,8
1752705344.216300,8
1752705344.323232,9
1752705344.430521,7
1752705344.540072,7
1752705344.646809,8
1752705344.755137,8
1752705344.861881,8
1752705344.980949,9
1752705345.090806,9
1752705345.199455,7
1752705345.309549,8
1752705345.423450,8
1752705345.537820,7
1752705345.649854,7
1752705345.757761,7
1752705345.865566,7
1752705345.974495,8
1752705346.089478,6
1752705346.197844,6
1752705346.304562,8
1752705346.412055,7
1752705346.520117,8
1752705346.627977,7
1752705346.736454,7
1752705346.842726,9
1752705346.949966,8
1752705347.057187,8
1752705347.165930,9
1752705347.274629,7
1752705347.381140,9
1752705347.488187,8
1752705347.595134,8
1752705347.703770,8
1752705347.810680,8
1752705347.917095,8
1752705348.023432,8
1752705348.130537,7
1752705348.238065,8
1752705348.344532,7
1752705348.451108,7
1752705348.558329,7
1752705348.665109,7
1752705348.772381,7
1752705348.878746,6
1752705348.985428,7
1752705349.092933,7
1752705349.199696,7
1752705349.307021,7
1752705349.414139,7
1752705349.521837,7
1752705349.628319,7
1752705349.745299,7
1752705349.855026,7
1752705349.964344,6
1752705350.089391,8
1752705350.200194,6
1752705350.310729,7
1752705350.418855,8
1752705350.527041,8
1752705350.635365,8
1752705350.746513,7
1752705350.855274,8
1752705350.964256,9
1752705351.084891,8
1752705351.196572,8
1752705351.307550,9
1752705351.418727,7
1752705351.529991,8
1752705351.640395,8
1752705351.750825,8
1752705351.858789,8
1752705351.965867,8
1752705352.082581,3
1752705352.199964,1
1752705352.308684,1
1752705352.416286,2
1752705352.524276,3
1752705352.632109,5
1752705352.741920,4
1752705352.849488,5
1752705352.957177,7
1752705353.064208,6
1752705353.172572,7
1752705353.280953,8
1752705353.388055,7
1752705353.494920,9
1752705353.602148,8
1752705353.710170,9
1752705353.817535,7
1752705353.926224,8
1752705354.033496,8
1752705354.141560,8
1752705354.248352,8
1752705354.356495,8
1752705354.464369,9
1752705354.573416,8
1752705354.682888,8
1752705354.792358,7
1752705354.900475,8
1752705355.009275,8
1752705355.117338,7
1752705355.226138,8
1752705355.333369,8
1752705355.441786,8
1752705355.548987,7
1752705355.657009,9
1752705355.765696,8
1752705355.884908,8
1752705355.994832,7
1752705356.106195,9
1752705356.220238,7
1752705356.329204,9
1752705356.436994,8
1752705356.597059,8
1752705356.703445,8
1752705356.813180,8
1752705356.920887,8
1752705357.030587,8
1752705357.137212,8
1752705357.245494,8
1752705357.351968,8
1752705357.459495,9
1752705357.567350,8
1752705357.675012,8
1752705357.782042,8
1752705357.888930,8
1752705357.996984,9
1752705358.103640,9
1752705358.211555,8
1752705358.318085,8
1752705358.424836,8
1752705358.542840,9
1752705358.654181,7
1752705358.764503,7
1752705358.875063,8
1752705358.984826,8
1752705359.094832,9
1752705359.205694,8
1752705359.313574,8
1752705359.420962,7
1752705359.529427,8
1752705359.636325,9
1752705359.742887,8
1752705359.849467,8
1752705359.969947,8
1752705360.082432,7
1752705360.195141,8
1752705360.307452,9
1752705360.420202,9
1752705360.534441,8
1752705360.647202,7
1752705360.755573,9
1752705360.862876,8
1752705360.970619,8
1752705361.077877,9
1752705361.185933,9
1752705361.293550,9
1752705361.400106,9
1752705361.506654,9
1752705361.619327,8
1752705361.734225,9
1752705361.841258,10
1752705361.949394,8
1752705362.056390,8
1752705362.165918,7
1752705362.273174,8
1752705362.381792,4
1752705362.488324,1
1752705362.594910,1
1752705362.702656,1
1752705362.810776,4
1752705362.918540,4
1752705363.027908,4
1752705363.136121,6
1752705363.243504,5
1752705363.352555,6
1752705363.464824,6
1752705363.573944,7
1752705363.684230,7
1752705363.792048,7
1752705363.899098,7
1752705364.007627,7
1752705364.121057,8
1752705364.228786,7
1752705364.336888,7
1752705364.445910,7
1752705364.558859,6
1752705364.674471,8
1752705364.792462,7
1752705364.908334,9
1752705365.024643,7
1752705365.148552,7
1752705365.258181,7
1752705365.368497,7
1752705365.478963,8
1752705365.588300,7
1752705365.698702,7
1752705365.808654,7
1752705365.919448,8
1752705366.028225,7
1752705366.139006,8
1752705366.247575,9
1752705366.354460,7
1752705366.462577,8
1752705366.569980,7
1752705366.685690,7
1752705366.794753,6
1752705366.904154,7
1752705367.013811,8
1752705367.121322,7
1752705367.229984,7
1752705367.337023,6
1752705367.447354,6
1752705367.555447,6
1752705367.663496,8
1752705367.771040,7
1752705367.878790,7
1752705367.986168,8
1752705368.093693,7
1752705368.201587,7
1752705368.308915,7
1752705368.416150,7
1752705368.522471,7
1752705368.630163,8
1752705368.737840,8
1752705368.846470,7
1752705368.953937,7
1752705369.060676,7
1752705369.168961,6
1752705369.275538,7
1752705369.382981,8
1752705369.489889,7
1752705369.604356,6
1752705369.711369,7
1752705369.822323,6
1752705369.929251,6
1752705370.039177,7
1752705370.146150,7
1752705370.257259,8
1752705370.369514,7
1752705370.476970,7
1752705370.585597,8
1752705370.692957,7
1752705370.801313,7
1752705370.918140,8
1752705371.026925,7
1752705371.136477,7
1752705371.254523,7
1752705371.368226,8
1752705371.477667,8
1752705371.586715,8
1752705371.696154,7
1752705371.805476,7
1752705371.915242,7
1752705372.024974,8
1752705372.134504,7
1752705372.243066,6
1752705372.353285,6
1752705372.461560,7
1752705372.571401,8
1752705372.679143,5
1752705372.786565,0
1752705372.893297,1
1752705373.000203,3
1752705373.108031,5
1752705373.234085,4
1752705373.345787,5
1752705373.456804,4
1752705373.566882,5
1752705373.676960,5
1752705373.787356,6
1752705373.896590,8
1752705374.007487,6
1752705374.117405,7
1752705374.228108,8
1752705374.341215,8
1752705374.452072,8
1752705374.562462,8
1752705374.672668,7
1752705374.782378,7
1752705374.892632,7
1752705375.002222,8
1752705375.112167,6
1752705375.222611,7
1752705375.332306,7
1752705375.442661,7
1752705375.554060,7
1752705375.664897,7
1752705375.775677,7
1752705375.887586,6
1752705375.997651,8
1752705376.109572,7
1752705376.221838,7
1752705376.332196,8
1752705376.443023,7
1752705376.553517,7
1752705376.664547,7
1752705376.775119,7
1752705376.887143,7
1752705376.996626,8
1752705377.107261,7
1752705377.214093,8
1752705377.321350,6
1752705377.429027,8
1752705377.537418,9
1752705377.644698,7
1752705377.752082,7
1752705377.859939,7
1752705377.969021,7
1752705378.077152,8
1752705378.184871,8
1752705378.293020,7
1752705378.401726,7
1752705378.509690,7
1752705378.616656,6
1752705378.724895,7
1752705378.832574,7
1752705378.940576,8
1752705379.047292,6
1752705379.155517,7
1752705379.263270,6
1752705379.372560,7
1752705379.479469,7
1752705379.586753,7
1752705379.693820,6
1752705379.801306,7
1752705379.908668,8
1752705380.016541,8
1752705380.125392,6
1752705380.233328,7
1752705380.341640,7
1752705380.448245,7
1752705380.555264,7
1752705380.670440,8
1752705380.776912,7
1752705380.883568,8
1752705380.991329,7
1752705381.097723,7
1752705381.204900,6
1752705381.311984,7
1752705381.418418,7
1752705381.526040,7
1752705381.632411,7
1752705381.741563,7
1752705381.848334,8
1752705381.956326,7
1752705382.062116,7
1752705382.178921,7
1752705382.286980,7
1752705382.394176,6
1752705382.504677,8
1752705382.636565,7
1752705382.747361,7
1752705382.856437,7
1752705382.966820,6
1752705383.077401,1
1752705383.189835,1
1752705383.297592,1
1752705383.408485,3
1752705383.516407,5
1752705383.623828,8
1752705383.731047,8
1752705383.839372,8
1752705383.956898,9
1752705384.073645,8
1752705384.187402,8
1752705384.294175,9
1752705384.405965,9
1752705384.520947,9
1752705384.635073,8
1752705384.744869,8
1752705384.853526,6
1752705384.962558,7
1752705385.072141,8
1752705385.181040,6
1752705385.289369,6
1752705385.397623,7
1752705385.504686,7
1752705385.612214,7
1752705385.719491,6
1752705385.827889,7
1752705385.936179,7
1752705386.043557,6
1752705386.150291,7
1752705386.258380,5
1752705386.366249,7
1752705386.473907,8
1752705386.581604,7
1752705386.690031,6
1752705386.797179,7
1752705386.906281,8
1752705387.014206,8
1752705387.121600,7
1752705387.228729,7
1752705387.335499,7
1752705387.444625,7
1752705387.551023,7
1752705387.659022,8
1752705387.766165,8
1752705387.875134,6
1752705387.982412,9
1752705388.091036,13
1752705388.198896,17
1752705388.307087,18
1752705388.415320,18
1752705388.522666,20
1752705388.630860,20
1752705388.737362,18
1752705388.845299,18
1752705388.952419,20
1752705389.060684,19
1752705389.168756,19
1752705389.283090,20
1752705389.391503,19
1752705389.498175,19
1752705389.605468,20
1752705389.713224,20
1752705389.820231,19
1752705389.929037,19
1752705390.034909,20
1752705390.143096,19
1752705390.249822,19
1752705390.375620,18
1752705390.486144,15
1752705390.597365,19
1752705390.706825,20
1752705390.817403,18
1752705390.929720,19
1752705391.038803,20
1752705391.162766,20
1752705391.275510,18
1752705391.386648,19
1752705391.500446,18
1752705391.612884,20
1752705391.725251,19
1752705391.838959,19
1752705391.951576,19
1752705392.060333,20
1752705392.167918,20
1752705392.290244,18
1752705392.405367,16
1752705392.512851,20
1752705392.620308,20
1752705392.729219,20
1752705392.843055,19
1752705392.952326,20
1752705393.063661,20
1752705393.174727,20
1752705393.286905,19
1752705393.403017,17
1752705393.511366,11
1752705393.628738,12
1752705393.749575,17
1752705393.869706,20
1752705393.980428,18
1752705394.090350,19
1752705394.208733,20
1752705394.319506,18
1752705394.433011,17
1752705394.545148,19
1752705394.654141,19
1752705394.768761,20
1752705394.881132,19
1752705394.991320,20
1752705395.103008,20
1752705395.213825,19
1752705395.324986,19
1752705395.436285,17
1752705395.566673,20
1752705395.677453,19
1752705395.802257,19
1752705395.919026,19
1752705396.026690,19
1752705396.136926,20
1752705396.245408,20
1752705396.353777,20
1752705396.463525,20
1752705396.572036,18
1752705396.685178,19
1752705396.798340,19
1752705396.911600,18
1752705397.020280,20
1752705397.128610,19
1752705397.235607,19
1752705397.344228,20
1752705397.454866,20
1752705397.563279,19
1752705397.671432,18
1752705397.782067,16
1752705397.901351,20
1752705398.018073,20
1752705398.128558,17
1752705398.240342,10
1752705398.350574,5
1752705398.456984,6
1752705398.564848,5
1752705398.671441,9
1752705398.779456,10
1752705398.887303,11
1752705398.995473,13
1752705399.102414,15
1752705399.208531,16
1752705399.317107,17
1752705399.424854,18
1752705399.543420,17
1752705399.653594,19
1752705399.762208,16
1752705399.872067,17
1752705399.980552,17
1752705400.089376,17
1752705400.200046,18
1752705400.315236,19
1752705400.426662,19
1752705400.539206,19
1752705400.651760,19
1752705400.763355,13
1752705400.872009,12
1752705401.710371,12
1752705401.817843,13
1752705401.925219,9
1752705402.053594,4
1752705402.161895,5
1752705402.273782,7
1752705402.381921,5
1752705402.489074,5
1752705402.601423,7
1752705402.709245,8
1752705402.817573,6
1752705402.925155,7
1752705403.032262,9
1752705403.139113,10
1752705403.249547,8
1752705403.356293,9
1752705403.466290,10
1752705403.573647,9
1752705403.682195,9
1752705403.790006,11
1752705403.904366,8
1752705404.019923,8
1752705404.141433,9
1752705404.253374,10
1752705404.360502,9
1752705404.475190,10
1752705404.636351,9
1752705404.766140,11
1752705404.873179,10
1752705404.979869,9
1752705405.088639,9
1752705405.195983,11
1752705405.307575,9
1752705405.458912,9
1752705405.585925,9
1752705405.696392,11
1752705405.807688,9
1752705405.915414,9
1752705406.024168,10
1752705406.137807,10
1752705406.243908,8
1752705406.351679,10
1752705406.458548,11
1752705406.575058,9
1752705406.683405,9
1752705406.808913,11
1752705406.915366,11
1752705407.022853,9
1752705407.129333,9
1752705407.239242,9
1752705407.347281,10
1752705407.456174,11
1752705407.563482,10
1752705407.674686,10
1752705407.781927,11
1752705407.891835,10
1752705408.003801,10
1752705408.111093,11
1752705408.218561,12
1752705408.330037,10
1752705408.447321,10
1752705408.564093,3
1752705408.674442,2
1752705408.781877,1
1752705408.896365,2
1752705409.007209,6
1752705409.115193,5
1752705409.222908,8
1752705409.331695,9
1752705409.445495,9
1752705409.553126,9
1752705409.659937,10
1752705409.768995,9
1752705409.877994,9
1752705409.985797,9
1752705410.094256,10
1752705410.204635,10
1752705410.311695,8
1752705410.419707,8
1752705410.526361,8
1752705410.634699,7
1752705410.742899,8
1752705410.858636,8
1752705410.965783,7
1752705411.076359,7
1752705411.184856,6
1752705411.294151,7
1752705411.405352,7
1752705411.513932,7
1752705411.622250,6
1752705411.729707,7
1752705411.840884,6
1752705411.955165,8
1752705412.065094,7
1752705412.175126,6
1752705412.284206,7
1752705412.390957,8
1752705412.497926,6
1752705412.609077,8
1752705412.715493,8
1752705412.823515,7
1752705412.930542,7
1752705413.038537,7
1752705413.145995,7
1752705413.253861,7
1752705413.361095,7
1752705413.483830,7
1752705413.620116,7
1752705413.730840,8
1752705413.838999,7
1752705413.945656,7
1752705414.055397,7
1752705414.161828,6
1752705414.268001,6
1752705414.377182,7
1752705414.495553,7
1752705414.605815,7
1752705414.714529,7
1752705414.824540,8
1752705414.933836,7
1752705415.051118,6
1752705415.158413,7
1752705415.264309,6
1752705415.371912,9
1752705415.478328,7
1752705415.585943,8
1752705415.692495,8
1752705415.798508,8
1752705415.908243,7
1752705416.022614,8
1752705416.130843,8
1752705416.241448,9
1752705416.351569,7
1752705416.460548,6
1752705416.568161,7
1752705416.697530,7
1752705416.811940,6
1752705416.920504,6
1752705417.029108,8
1752705417.140089,8
1752705417.248989,6
1752705417.359904,7
1752705417.468293,7
1752705417.621127,6
1752705417.729463,8
1752705417.847687,7
1752705418.064652,8
1752705418.179113,7
1752705418.286306,8
1752705418.393959,9
1752705418.500403,9
1752705418.607993,9
1752705418.763461,7
1752705418.870214,4
1752705418.982391,1
1752705419.090223,2
1752705419.197395,2
1752705419.303849,2
1752705419.412952,4
1752705419.519557,5
1752705419.627785,5
1752705419.733634,8
1752705419.841256,6
1752705419.950055,7
1752705420.057819,7
1752705420.164691,7
1752705420.271626,8
1752705420.379253,8
1752705420.485935,9
1752705420.593904,8
1752705420.700987,9
1752705420.813316,7
1752705420.919318,7
1752705421.028105,8
1752705421.135031,7
1752705421.241909,7
1752705421.348542,7
1752705421.467250,8
1752705421.575387,10
1752705421.690931,7
1752705421.798150,8
1752705421.904357,8
1752705422.012879,8
1752705422.119623,9
1752705422.226807,8
1752705422.352716,7
1752705422.461437,8
1752705422.568120,9
1752705422.676819,8
1752705422.782661,8
1752705422.889689,8
1752705422.997358,7
1752705423.104415,8
1752705423.213115,10
1752705423.321242,8
1752705423.429541,9
1752705423.536021,8
1752705423.642620,7
1752705423.749081,8
1752705423.857182,7
1752705423.966748,9
1752705424.079151,9
1752705424.188088,7
1752705424.297498,7
1752705424.406962,6
1752705424.516333,6
1752705424.626084,8
1752705424.733114,6
1752705424.847769,7
1752705424.957828,7
1752705425.068314,7
1752705425.176903,8
1752705425.283173,8
1752705425.390908,8
1752705425.497442,8
1752705425.603346,8
1752705425.710413,8
1752705425.817090,8
1752705425.924180,8
1752705426.030763,8
1752705426.143131,8
1752705426.249875,8
1752705426.357826,8
1752705426.465267,9
1752705426.574802,8
1752705426.681790,8
1752705426.789509,7
1752705426.896482,8
1752705427.003424,8
1752705427.114337,8
1752705427.231666,9
1752705427.341548,8
1752705427.449790,7
1752705427.559280,7
1752705427.669152,8
1752705427.784458,8
1752705427.895522,8
1752705428.001828,8
1752705428.111475,9
1752705428.218347,8
1752705428.325887,8
1752705428.434784,7
1752705428.544366,8
1752705428.651630,9
1752705428.759154,9
1752705428.865976,9
1752705428.976976,9
1752705429.084276,8
1752705429.192033,3
1752705429.299132,1
1752705429.408754,1
1752705429.515056,2
1752705429.624186,4
1752705429.731209,6
1752705429.841488,7
1752705429.949417,7
1752705430.057565,8
1752705430.165921,9
1752705430.275701,9
1752705430.383599,9
1752705430.492123,10
1752705430.599123,9
1752705430.706357,9
1752705430.812333,9
1752705430.918604,9
1752705431.025383,7
1752705431.132267,8
1752705431.241916,8
1752705431.348347,8
1752705431.456086,8
1752705431.562713,7
1752705431.671488,8
1752705431.777699,8
1752705431.885470,7
1752705431.993148,7
1752705432.100457,6
1752705432.209944,7
1752705432.317719,8
1752705432.426207,7
1752705432.535242,7
1752705432.642968,7
1752705432.750682,7
1752705432.858022,8
1752705432.964020,7
1752705433.071685,7
1752705433.178613,6
1752705433.286255,7
1752705433.392950,7
1752705433.499989,7
1752705433.608866,7
1752705433.716092,7
1752705433.824476,7
1752705433.931120,8
1752705434.041599,7
1752705434.147990,7
1752705434.255043,7
1752705434.361709,6
1752705434.470140,7
1752705434.577267,8
1752705434.686087,7
1752705434.793158,7
1752705434.899243,7
1752705435.009585,7
1752705435.117810,9
1752705435.224745,8
1752705435.331927,8
1752705435.440830,7
1752705435.547163,9
1752705435.664799,9
1752705435.781720,8
1752705435.890409,11
1752705435.998543,11
1752705436.122479,9
1752705436.229193,9
1752705436.342480,10
1752705436.450256,10
1752705436.560024,10
1752705436.668897,11
1752705436.776376,9
1752705436.885795,8
1752705436.996388,9
1752705437.109571,9
1752705437.216117,9
1752705437.324943,8
1752705437.432444,8
1752705437.639498,7
1752705437.754553,7
1752705437.862535,8
1752705437.969380,8
1752705438.090281,8
1752705438.206448,8
1752705438.320401,8
1752705438.427047,8
1752705438.534655,9
1752705438.642498,6
1752705438.750510,7
1752705438.893912,7
1752705439.124441,8
1752705439.250365,9
1752705439.392946,7
1752705439.512882,2
1752705439.641037,1
1752705439.749861,1
1752705439.872702,3
1752705440.003041,6
1752705440.131339,5
1752705440.241935,6
1752705440.353697,7
1752705440.477444,6
1752705440.598036,8
1752705440.707347,8
1752705440.820479,7
1752705440.931771,7
1752705441.058929,7
1752705441.169109,7
1752705441.280582,7
1752705441.390686,8
1752705441.529537,8
1752705441.650495,8
1752705441.757976,8
1752705441.864558,7
1752705441.971487,7
1752705442.079179,8
1752705442.194578,7
1752705442.310910,7
1752705442.417359,6
1752705442.523931,8
1752705442.631415,7
1752705442.738629,7
1752705442.846873,7
1752705442.972729,6
1752705443.088380,6
1752705443.205307,8
1752705443.315237,6
1752705443.423283,7
1752705443.533387,8
1752705443.644826,7
1752705443.779438,6
1752705443.891638,7
1752705444.023259,8
1752705444.142668,9
1752705444.251114,7
1752705444.373863,8
1752705444.484935,6
1752705444.604890,7
1752705444.715430,7
1752705444.827720,7
1752705444.955433,7
1752705445.065765,7
1752705445.173059,6
1752705445.279692,7
1752705445.386347,6
1752705445.493808,6
1752705445.600698,6
1752705445.707888,7
1752705445.814488,8
1752705445.950742,7
1752705446.057491,7
1752705446.177649,8
1752705446.288380,7
1752705446.397027,7
1752705446.504503,6
1752705446.610399,8
1752705446.717342,7
1752705446.824270,8
1752705446.946689,8
1752705447.058446,7
1752705447.169911,7
1752705447.285762,8
1752705447.395391,8
1752705447.505831,7
1752705447.614977,9
1752705447.742714,7
1752705447.854171,7
1752705447.961206,8
1752705448.068712,7
1752705448.176459,6
1752705448.283983,8
1752705448.390501,6
1752705448.497952,6
1752705448.605649,7
1752705448.713394,7
1752705448.820123,7
1752705448.926242,7
1752705449.032422,7
1752705449.154308,7
1752705449.265444,7
1752705449.373691,7
1752705449.493844,7
1752705449.611664,6
1752705449.721135,7
1752705449.837024,2
1752705449.953774,1
1752705450.071140,1
1752705450.179594,3
1752705450.287700,4
1752705450.401714,5
1752705450.516921,5
1752705450.625827,7
1752705450.735490,6
1752705450.842704,7
1752705450.952451,7
1752705451.063628,8
1752705451.173449,9
1752705451.279508,8
1752705451.385738,8
1752705451.492747,8
1752705451.619419,9
1752705451.736161,8
1752705451.846650,9
1752705451.955496,9
1752705452.064799,9
1752705452.188967,8
1752705452.300224,10
1752705452.413272,8
1752705452.537061,7
1752705452.646496,9
1752705452.757286,8
1752705452.867015,8
1752705452.977894,8
1752705453.087991,8
1752705453.199962,8
1752705453.309254,8
1752705453.419798,9
1752705453.529528,7
1752705453.638715,8
1752705453.749895,6
1752705453.858925,7
1752705453.968487,7
1752705454.078024,6
1752705454.187408,8
1752705454.296247,6
1752705454.406978,7
1752705454.517702,8
1752705454.626572,7
1752705454.735966,8
1752705454.845327,7
1752705454.975406,7
1752705455.089446,6
1752705455.203882,7
1752705455.311029,7
1752705455.418835,7
1752705455.526958,8
1752705455.635639,8
1752705455.744283,8
1752705455.851190,7
1752705455.957559,7
1752705456.079836,8
1752705456.201797,7
1752705456.321277,8
1752705456.433547,6
1752705456.540539,6
1752705456.646700,8
1752705456.753436,8
1752705456.860466,7
1752705456.974199,7
1752705457.087098,7
1752705457.204497,7
1752705457.312313,7
1752705457.419988,7
1752705457.528107,7
1752705457.635000,6
1752705457.742033,7
1752705457.849092,7
1752705457.956622,7
1752705458.062930,9
1752705458.185184,7
1752705458.305834,7
1752705458.416839,8
1752705458.526011,9
1752705458.636435,9
1752705458.746061,7
1752705458.857036,7
1752705458.968412,8
1752705459.079234,8
1752705459.190166,8
1752705459.299686,9
1752705459.410939,8
1752705459.520254,8
1752705459.629710,9
1752705459.739566,8
1752705459.848998,9
1752705459.959042,9
1752705460.068971,8
1752705460.177845,4
1752705460.288062,1
1752705460.399303,1
1752705460.509624,2
1752705460.619574,4
1752705460.728866,3
1752705460.840516,4
1752705460.950583,4
1752705461.062656,4
1752705461.172715,6
1752705461.283489,5
1752705461.394716,7
1752705461.501027,6
1752705461.608746,7
1752705461.729091,8
1752705461.838695,7
1752705461.947979,7
1752705462.056001,7
1752705462.165036,8
1752705462.273769,7
1752705462.382351,7
1752705462.491022,8
1752705462.598864,8
1752705462.710325,8
1752705462.819351,8
1752705462.929881,7
1752705463.038575,8
1752705463.149552,9
1752705463.258369,8
1752705463.367864,7
1752705463.475341,6
1752705463.584145,7
1752705463.692487,7
1752705463.801181,7
1752705463.909637,7
1752705464.019288,6
1752705464.127232,6
1752705464.235019,5
1752705464.342677,6
1752705464.450991,6
1752705464.560231,6
1752705464.668087,6
1752705464.776165,8
1752705464.885078,7
1752705464.993476,7
1752705465.101476,7
1752705465.209352,7
1752705465.317508,7
1752705465.425677,8
1752705465.533508,7
1752705465.641249,7
1752705465.749794,8
1752705465.857399,7
1752705465.964486,7
1752705466.071062,7
1752705466.179043,7
1752705466.286828,6
1752705466.393537,7
1752705466.499378,6
1752705466.616965,7
1752705466.726648,7
1752705466.834890,6
1752705466.943565,6
1752705467.052429,6
1752705467.161405,5
1752705467.270755,6
1752705467.376735,6
1752705467.483054,6
1752705467.589174,8
1752705467.695209,5
1752705467.810494,7
1752705467.927000,5
1752705468.036749,7
1752705468.146334,6
1752705468.256230,6
1752705468.365783,8
1752705468.475420,7
1752705468.581856,6
1752705468.688431,7
1752705468.794709,8
1752705468.901004,7
1752705469.007366,7
1752705469.121994,7
1752705469.240740,7
1752705469.357507,7
1752705469.472651,7
1752705469.587656,7
1752705469.701962,7
1752705469.810907,7
1752705469.920730,6
1752705470.031027,7
1752705470.140150,7
1752705470.249709,6
1752705470.359409,6
1752705470.469458,7
1752705470.577999,1
1752705470.687006,1
1752705470.795983,1
1752705470.904558,3
1752705471.014623,5
1752705471.124150,4
1752705471.233545,6
1752705471.364399,5
1752705471.480679,6
1752705471.589624,8
1752705471.698605,7
1752705471.807561,7
1752705471.917312,8
1752705472.025885,6
1752705472.132433,7
1752705472.239768,8
1752705472.347155,8
1752705472.454011,8
1752705472.560286,6
1752705472.666698,7
1752705472.773622,7
1752705472.879986,7
1752705472.986743,7
1752705473.093618,6
1752705473.200252,6
1752705473.307026,8
1752705473.429974,7
1752705473.540259,7
1752705473.650728,6
1752705473.757689,8
1752705473.863890,6
1752705473.970043,6
1752705474.076068,8
1752705474.182334,7
1752705474.288454,6
1752705474.395162,6
1752705474.501006,7
1752705474.617687,6
1752705474.753994,8
1752705474.866138,8
1752705474.977316,6
1752705475.088741,7
1752705475.196148,8
1752705475.317765,7
1752705475.436605,7
1752705475.546959,8
1752705475.658564,9
1752705475.769068,8
1752705475.880245,8
1752705475.989804,8
1752705476.100229,7
1752705476.210562,7
1752705476.320727,7
1752705476.430740,7
1752705476.540547,7
1752705476.651038,8
1752705476.764955,6
1752705476.876439,7
1752705477.006535,6
1752705477.118090,7
1752705477.228321,7
1752705477.340360,7
1752705477.451223,8
1752705477.558090,6
1752705477.665151,5
1752705477.773216,7
1752705477.880201,6
1752705477.987107,6
1752705478.102767,5
1752705478.209814,6
1752705478.317112,8
1752705478.423452,7
1752705478.529554,7
1752705478.635369,8
1752705478.741598,8
1752705478.848658,8
1752705478.955219,8
1752705479.072935,7
1752705479.184914,9
1752705479.291328,11
1752705479.398653,17
1752705479.529072,16
1752705479.645613,19
1752705479.756347,20
1752705479.865969,19
1752705479.975195,18
1752705480.084290,19
1752705480.194020,17
1752705480.303065,19
1752705480.412688,20
1752705480.521694,20
1752705480.632152,20
1752705480.741084,19
1752705480.852173,16
1752705480.964728,12
1752705481.090189,6
1752705481.203086,1
1752705481.317829,2
1752705481.445538,5
1752705481.561908,7
1752705481.670974,6
1752705481.780424,6
1752705481.889286,7
1752705482.020741,6
1752705482.142530,1
1752705482.249155,1
1752705482.377203,0
1752705482.500433,0
1752705482.613413,0
1752705482.728401,0
1752705482.842670,0
1752705482.955139,1
1752705483.065318,1
1752705483.174738,0
1752705483.302779,0
1752705483.430353,0
1752705483.554438,0
1752705483.669815,1
1752705483.791986,0
1752705483.906950,0
1752705484.031824,0
1752705484.168592,0
1752705484.278708,5
1752705484.388989,10
1752705484.510800,12
1752705484.642396,11
1752705484.761308,12
1752705484.869997,12
1752705484.980014,10
1752705485.101626,9
1752705485.231221,2
1752705485.366535,0
1752705485.482427,0
1752705485.609924,0
1752705485.722773,0
1752705485.832249,0
1752705485.940068,0
1752705486.048537,0
1752705486.168606,0
1752705486.287422,0
1752705486.398974,0
1752705486.505314,1
1752705486.611605,0
1752705486.718281,1
1752705486.825183,1
1752705486.946578,0
1752705487.067190,0
1752705487.190031,0
1752705487.300988,0
1752705487.406811,0
1752705487.513724,0
1752705487.620414,0
1752705487.753066,0
1752705487.875453,0
1752705487.982301,0
1752705488.112447,0
1752705488.225572,0
1752705488.338688,1
1752705488.462199,0
1752705488.577180,0
1752705488.703359,0
1752705488.821842,0
1752705488.950244,1
1752705489.076592,0
1752705489.193433,0
1752705489.303328,10
1752705489.453102,12
1752705489.656044,12
1752705489.864138,12
1752705489.981380,12
1752705490.237976,7
1752705490.393595,0
1752705490.512887,0
1752705490.622005,0
1752705490.754462,0
1752705490.905381,0
1752705491.018514,1
1752705491.133641,0
1752705491.247113,0
1752705491.454333,0
1752705491.613340,0
1752705491.729443,0
1752705491.840210,1
1752705491.960715,0
1752705492.069585,0
1752705492.184066,0
1752705492.311495,0
1752705492.440918,0
1752705492.566776,0
1752705492.686725,0
1752705492.825509,0
1752705493.007211,0
1752705493.149807,0
1752705493.313670,0
1752705493.577568,0
1752705493.690976,0
1752705493.805208,1
1752705493.931135,0
1752705494.058058,0
