1752704743.337794,0
1752704743.445892,7
1752704743.554279,15
1752704743.672620,22
1752704743.779569,30
1752704743.886014,37
1752704744.001546,43
1752704744.111052,50
1752704744.221018,57
1752704744.332590,64
1752704744.442143,71
1752704744.554434,78
1752704744.664336,85
1752704744.773839,93
1752704744.905254,100
1752704745.012575,100
1752704745.120267,100
1752704745.227504,100
1752704745.334398,100
1752704745.451159,100
1752704745.565258,100
1752704745.676195,99
1752704745.783409,99
1752704745.893554,99
1752704746.000302,100
1752704746.111112,100
1752704746.219173,99
1752704746.325475,100
1752704746.432855,100
1752704746.540134,99
1752704746.660056,99
1752704746.794258,98
1752704746.911302,98
1752704747.025374,98
1752704747.139511,98
1752704747.253667,97
1752704747.363114,97
1752704747.481665,97
1752704747.596989,96
1752704747.868760,99
1752704748.026414,98
1752704748.134267,100
1752704748.321360,100
1752704748.437447,99
1752704748.632343,96
1752704748.783854,100
1752704748.923950,100
1752704749.039489,98
1752704749.147669,99
1752704749.262122,98
1752704749.370487,98
1752704749.477347,99
1752704749.590259,98
1752704749.699769,98
1752704749.807772,98
1752704749.914890,100
1752704750.022188,98
1752704750.148417,98
1752704750.255812,99
1752704750.362911,99
1752704750.472557,99
1752704750.583669,98
1752704750.694606,99
1752704750.809209,94
1752704750.918389,91
1752704751.026703,89
1752704751.133622,89
1752704751.248242,89
1752704751.359508,87
1752704751.537099,87
1752704751.793735,87
1752704751.979614,86
1752704752.087731,87
1752704752.302855,86
1752704752.543072,86
1752704752.673560,85
1752704752.781757,86
1752704752.888899,86
1752704752.997571,86
1752704753.104851,85
1752704753.215052,86
1752704753.322581,85
1752704753.430151,86
1752704753.537454,87
1752704753.646813,86
1752704753.755972,85
1752704753.866930,85
1752704753.974473,86
1752704754.098424,83
1752704754.208602,84
1752704754.316399,84
1752704754.423178,85
1752704754.536167,84
1752704754.651379,84
1752704754.763187,84
1752704754.870961,86
1752704754.994414,83
1752704755.101991,84
1752704755.215461,85
1752704755.372912,83
1752704755.482417,80
1752704755.592139,81
1752704755.698150,81
1752704755.806098,80
1752704755.914596,80
1752704756.023693,82
1752704756.130693,83
1752704756.241381,82
1752704756.347987,81
1752704756.455122,82
1752704756.561373,82
1752704756.684666,83
1752704756.797938,81
1752704756.908419,82
1752704757.022171,81
1752704757.137344,81
1752704757.250778,81
1752704757.357969,82
1752704757.478970,81
1752704757.593586,81
1752704757.708045,82
1752704757.816241,81
1752704757.932694,81
1752704758.040303,82
1752704758.148289,83
1752704758.255576,83
1752704758.366010,83
1752704758.475189,83
1752704758.583334,83
1752704758.690380,84
1752704758.798641,83
1752704758.910188,82
1752704759.021318,83
1752704759.131363,82
1752704759.240263,83
1752704759.347023,83
1752704759.454084,83
1752704759.560996,83
1752704759.668064,82
1752704759.775910,82
1752704759.884849,83
1752704759.995537,82
1752704760.104805,82
1752704760.214462,82
1752704760.325244,83
1752704760.432097,83
1752704760.542456,82
1752704760.650703,82
1752704760.760647,83
1752704760.867028,82
1752704760.976649,82
1752704761.085783,82
1752704761.201594,83
1752704761.310109,82
1752704761.418130,82
1752704761.527603,83
1752704761.634010,83
1752704761.742997,83
1752704761.850564,82
1752704761.959555,83
1752704762.066705,84
1752704762.175441,82
1752704762.291173,82
1752704762.397630,83
1752704762.506126,83
1752704762.615048,82
1752704762.724576,82
1752704762.835989,82
1752704762.948472,82
1752704763.065755,81
1752704763.209055,80
1752704763.319004,81
1752704763.579545,78
1752704763.695392,77
1752704763.801607,78
1752704763.909805,78
1752704764.018309,78
1752704764.126987,78
1752704764.234559,79
1752704764.344432,78
1752704764.453020,78
1752704764.562847,78
1752704764.670129,78
1752704764.777753,78
1752704764.886235,77
1752704764.993189,78
1752704765.099492,78
1752704765.207053,79
1752704765.323369,78
1752704765.432567,79
1752704765.546445,79
1752704765.664826,79
1752704765.781273,78
1752704765.889814,79
1752704765.996981,78
1752704766.108423,79
1752704766.215353,78
1752704766.326208,78
1752704766.432882,79
1752704766.543920,79
1752704766.650587,78
1752704766.757527,78
1752704766.864588,79
1752704766.980961,79
1752704767.097495,80
1752704767.207951,79
1752704767.314543,79
1752704767.422043,80
1752704767.528746,80
1752704767.636647,79
1752704767.746368,80
1752704767.852875,80
1752704767.960749,81
1752704768.068436,82
1752704768.188648,81
1752704768.298614,81
1752704768.407951,82
1752704768.514832,80
1752704768.624025,80
1752704768.731406,81
1752704768.858666,81
1752704768.974000,81
1752704769.151743,79
1752704769.268132,79
1752704769.376990,78
1752704769.561968,76
1752704769.762218,77
1752704769.882052,78
1752704769.990385,77
1752704770.096831,77
1752704770.204304,77
1752704770.310930,77
1752704770.420164,77
1752704770.529773,78
1752704770.645469,78
1752704770.841318,78
1752704770.957587,78
1752704771.119371,78
1752704771.244024,77
1752704771.355230,77
1752704771.462733,76
1752704771.584585,76
1752704771.698247,76
1752704771.806149,76
1752704771.913813,77
1752704772.021057,75
1752704772.153048,75
1752704772.269363,76
1752704772.407768,76
1752704772.514382,76
1752704772.623588,76
1752704772.731054,76
1752704772.840786,75
1752704772.947568,77
1752704773.054391,76
1752704773.161338,76
1752704773.268781,77
1752704773.376368,76
1752704773.484080,75
1752704773.591092,76
1752704773.706034,76
1752704773.818569,77
1752704773.928399,77
1752704774.037599,78
1752704774.147339,77
1752704774.257402,77
1752704774.366908,76
1752704774.476182,77
1752704774.585324,77
1752704774.693768,77
1752704774.804661,77
1752704774.914076,77
1752704775.027038,77
1752704775.135941,77
1752704775.245059,76
1752704775.355648,76
1752704775.473550,77
1752704775.580106,77
1752704775.687444,78
1752704775.796048,77
1752704775.905364,77
1752704776.016619,79
1752704776.126341,77
1752704776.257205,78
1752704776.369308,78
1752704776.481225,79
1752704776.591392,79
1752704776.707446,79
1752704776.816497,79
1752704776.923278,79
1752704777.029938,79
1752704777.136664,79
1752704777.245025,77
1752704777.353425,78
1752704777.459457,78
1752704777.565822,78
1752704777.673066,78
1752704777.779973,80
1752704777.888541,78
1752704777.996796,79
1752704778.106823,80
1752704778.228784,79
1752704778.338025,80
1752704778.447194,80
1752704778.554269,80
1752704778.663347,81
1752704778.771175,81
1752704778.877498,81
1752704778.985910,80
1752704779.092777,81
1752704779.200389,80
1752704779.307967,80
1752704779.416391,81
1752704779.523748,81
1752704779.632343,81
1752704779.741325,82
1752704779.852700,82
1752704779.960182,82
1752704780.073008,82
1752704780.184062,81
1752704780.305191,81
1752704780.470620,81
1752704780.578713,82
1752704780.686469,83
1752704780.793538,82
1752704780.901832,82
1752704781.009346,81
1752704781.118171,81
1752704781.226382,81
1752704781.334692,81
1752704781.446244,81
1752704781.553223,82
1752704781.659846,82
1752704781.769262,83
1752704781.876338,83
1752704781.984692,83
1752704782.090788,83
1752704782.198809,82
1752704782.307884,83
1752704782.416868,82
1752704782.524571,82
1752704782.634189,83
1752704782.742291,83
1752704782.855453,83
1752704782.980133,82
1752704783.087055,82
1752704783.196367,83
1752704783.303303,82
1752704783.412262,82
1752704783.519376,83
1752704783.626475,83
1752704783.739439,83
1752704783.852472,84
1752704783.959553,84
1752704784.069284,84
1752704784.176376,83
1752704784.285093,85
1752704784.392582,84
1752704784.501864,83
1752704784.609431,84
1752704784.718738,84
1752704784.826851,85
1752704784.936631,85
1752704785.046084,85
1752704785.152770,85
1752704785.259607,85
1752704785.369654,86
1752704785.478225,85
1752704785.586783,85
1752704785.693610,85
1752704785.804428,85
1752704785.912904,86
1752704786.022834,86
1752704786.132123,85
1752704786.240341,85
1752704786.349656,85
1752704786.456692,85
1752704786.567157,84
1752704786.675096,86
1752704786.784724,85
1752704786.891896,85
1752704787.000346,85
1752704787.107467,84
1752704787.217141,83
1752704787.323908,85
1752704787.432745,83
1752704787.540678,84
1752704787.649456,83
1752704787.755578,84
1752704787.866513,84
1752704787.974338,84
1752704788.081373,84
1752704788.188832,85
1752704788.298530,84
1752704788.406551,86
1752704788.512681,84
1752704788.619047,83
1752704788.726688,79
1752704788.834456,74
1752704788.942387,72
1752704789.049976,72
1752704789.158164,71
1752704789.265724,71
1752704789.374206,73
1752704789.481904,70
1752704789.589288,69
1752704789.697301,69
1752704789.804759,68
1752704789.916303,69
1752704790.029064,69
1752704790.138885,69
1752704790.252839,69
1752704790.369934,69
1752704790.478728,70
1752704790.587573,70
1752704790.706431,70
1752704790.813538,69
1752704790.922445,70
1752704791.032431,69
1752704791.140877,69
1752704791.249282,69
1752704791.357598,69
1752704791.478600,69
1752704791.586104,69
1752704791.692996,69
1752704791.810867,69
1752704791.928171,70
1752704792.038376,69
1752704792.148414,69
1752704792.258607,69
1752704792.368994,69
1752704792.476330,71
1752704792.586447,70
1752704792.697280,70
1752704792.809507,70
1752704792.919191,70
1752704793.026092,70
1752704793.133236,70
1752704793.240039,70
1752704793.355644,70
1752704793.470129,70
1752704793.578305,69
1752704793.689792,70
1752704793.799238,70
1752704793.907910,71
1752704794.015396,70
1752704794.124239,71
1752704794.231575,70
1752704794.338543,71
1752704794.445467,71
1752704794.553714,72
1752704794.661241,71
1752704794.769235,71
1752704794.877788,71
1752704794.985167,71
1752704795.093403,71
1752704795.210277,72
1752704795.320168,72
1752704795.429523,72
1752704795.540596,73
1752704795.656857,72
1752704795.772470,72
1752704795.879409,71
1752704795.993077,72
1752704796.101250,72
1752704796.209524,73
1752704796.317686,72
1752704796.425550,72
1752704796.537190,72
1752704796.645267,71
1752704796.753297,71
1752704796.860775,71
1752704796.973772,71
1752704797.082792,72
1752704797.192182,72
1752704797.298799,73
1752704797.442583,70
1752704797.549783,71
1752704797.686402,72
1752704797.793780,72
1752704797.935707,72
1752704798.064278,72
1752704798.172457,72
1752704798.279833,72
1752704798.403519,73
1752704798.513411,73
1752704798.624114,73
1752704798.733228,73
1752704798.842461,73
1752704798.949956,73
1752704799.060839,74
1752704799.167246,74
1752704799.275380,73
1752704799.386646,74
1752704799.497687,74
1752704799.605826,73
1752704799.714034,73
1752704799.824968,74
1752704799.940074,73
1752704800.046187,73
1752704800.154525,74
1752704800.274264,73
1752704800.381254,73
1752704800.493351,73
1752704800.601125,74
1752704800.711881,74
1752704800.821079,74
1752704800.930509,74
1752704801.046290,74
1752704801.154611,74
1752704801.263206,74
1752704801.371530,74
1752704801.480022,74
1752704801.588475,74
1752704801.695637,74
1752704801.804075,73
1752704801.913568,73
1752704802.023430,74
1752704802.132697,74
1752704802.240100,74
1752704802.347949,74
1752704802.457452,74
1752704802.564187,73
1752704802.672632,74
1752704802.779517,74
1752704802.886292,74
1752704802.994160,74
1752704803.100845,75
1752704803.208354,75
1752704803.315918,75
1752704803.426746,74
1752704803.533548,74
1752704803.641397,75
1752704803.749003,75
1752704803.856472,75
1752704803.966919,75
1752704804.074553,75
1752704804.182091,76
1752704804.291316,75
1752704804.400261,74
1752704804.508079,75
1752704804.617378,75
1752704804.726353,75
1752704804.833241,75
1752704804.941074,75
1752704805.048793,74
1752704805.158018,74
1752704805.265082,76
1752704805.372663,75
1752704805.481293,75
1752704805.590258,76
1752704805.697765,76
1752704805.807840,77
1752704805.914822,76
1752704806.024044,76
1752704806.130486,76
1752704806.239477,76
1752704806.347278,77
1752704806.467868,76
1752704806.594553,76
1752704806.703266,76
1752704806.811995,76
1752704806.963383,75
1752704807.070740,76
1752704807.184806,77
1752704807.305546,75
1752704807.444926,76
1752704807.560849,76
1752704807.677770,75
1752704807.796466,76
1752704807.912429,77
1752704808.022658,77
1752704808.133371,77
1752704808.245571,78
1752704808.378773,77
1752704808.500993,77
1752704808.610006,76
1752704808.727367,76
1752704808.835066,78
1752704808.942858,76
1752704809.050994,76
1752704809.158969,77
1752704809.267290,77
1752704809.375019,77
1752704809.482988,76
1752704809.602514,77
1752704809.712197,77
1752704809.820057,77
1752704809.927572,77
1752704810.034163,77
1752704810.153690,77
1752704810.266217,78
1752704810.384716,77
1752704810.494204,78
1752704810.601496,78
1752704810.723041,78
1752704810.830863,78
1752704810.947257,78
1752704811.062560,78
1752704811.169839,78
1752704811.279124,78
1752704811.386076,78
1752704811.496481,78
1752704811.610054,78
1752704811.718620,78
1752704811.826813,78
1752704811.934182,78
1752704812.041719,78
1752704812.149631,78
1752704812.255883,78
1752704812.364098,77
1752704812.472224,78
1752704812.579561,79
1752704812.688324,78
1752704812.801767,79
1752704812.910159,79
1752704813.020911,81
1752704813.127063,80
1752704813.235119,80
1752704813.342484,80
1752704813.449140,81
1752704813.556428,80
1752704813.663931,80
1752704813.770268,80
1752704813.878110,80
1752704813.988233,80
1752704814.099980,80
1752704814.206818,79
1752704814.318247,79
1752704814.425213,80
1752704814.532845,79
1752704814.639091,79
1752704814.757232,79
1752704814.875732,79
1752704814.986793,79
1752704815.097735,79
1752704815.205873,79
1752704815.316490,80
1752704815.424394,80
1752704815.532904,80
1752704815.641958,80
1752704815.749890,80
1752704815.858310,80
1752704815.969398,80
1752704816.080716,80
1752704816.194779,80
1752704816.306903,80
1752704816.431185,80
1752704816.541579,81
1752704816.676433,79
1752704816.787633,80
1752704816.932215,79
1752704817.039924,80
1752704817.150582,80
1752704817.262788,80
1752704817.371432,80
1752704817.479547,81
1752704817.586185,80
1752704817.693215,80
1752704817.801782,80
1752704817.910795,80
1752704818.020295,80
1752704818.128170,81
1752704818.236484,81
1752704818.344167,81
1752704818.452110,81
1752704818.559301,81
1752704818.669403,81
1752704818.777030,81
1752704818.885639,81
1752704819.008353,80
1752704819.116096,81
1752704819.222692,81
1752704819.331053,82
1752704819.437516,81
1752704819.545927,81
1752704819.653539,81
1752704819.771481,81
1752704819.882026,81
1752704819.991289,82
1752704820.098583,81
1752704820.213523,81
1752704820.331257,81
1752704820.449834,82
1752704820.560899,82
1752704820.670017,83
1752704820.777181,82
1752704820.887128,82
1752704820.996305,82
1752704821.110059,82
1752704821.218971,82
1752704821.325335,82
1752704821.433034,82
1752704821.540172,83
1752704821.649044,82
1752704821.756299,82
1752704821.882135,81
1752704821.990992,82
1752704822.098392,82
1752704822.206128,82
1752704822.314295,82
1752704822.422930,83
1752704822.529351,82
1752704822.636709,82
1752704822.743016,82
1752704822.850901,83
1752704822.958104,82
1752704823.065753,83
1752704823.173302,83
1752704823.280235,83
1752704823.394631,83
1752704823.503144,83
1752704823.609853,83
1752704823.717848,83
1752704823.825233,83
1752704823.934685,83
1752704824.041375,83
1752704824.149810,84
1752704824.256413,83
1752704824.362573,83
1752704824.470107,83
1752704824.578983,83
1752704824.686388,83
1752704824.801619,84
1752704824.915217,83
1752704825.029543,83
1752704825.144848,83
1752704825.252977,83
1752704825.360144,83
1752704825.470064,83
1752704825.577620,83
1752704825.684984,83
1752704825.792340,84
1752704825.900799,85
1752704826.014397,84
1752704826.125837,83
1752704826.236837,83
1752704826.348382,84
1752704826.456326,84
1752704826.564357,85
1752704826.672705,84
1752704826.780357,84
1752704826.890880,84
1752704827.000256,84
1752704827.109252,84
1752704827.219342,84
1752704827.327342,85
1752704827.434779,84
1752704827.542938,84
1752704827.654078,84
1752704827.761349,84
1752704827.888165,84
1752704827.996788,84
1752704828.106599,84
1752704828.213689,84
1752704828.321527,84
1752704828.430772,86
1752704828.540733,86
1752704828.648087,85
1752704828.756116,85
1752704828.862996,86
1752704828.970869,86
1752704829.077368,86
1752704829.183867,86
1752704829.291266,86
1752704829.398417,86
1752704829.511110,87
1752704829.620432,87
1752704829.727872,87
1752704829.836333,87
1752704829.957355,86
1752704830.066083,86
1752704830.176307,85
1752704830.285393,86
1752704830.395984,86
1752704830.508749,86
1752704830.615403,86
1752704830.726028,86
1752704830.835281,85
1752704830.942827,86
1752704831.053038,85
1752704831.166993,86
1752704831.276645,85
1752704831.386841,86
1752704831.495320,86
1752704831.621840,86
1752704831.734576,87
1752704831.842869,85
1752704831.950697,87
1752704832.064264,87
1752704832.172335,86
1752704832.279973,85
1752704832.389526,85
1752704832.496646,86
1752704832.604704,86
1752704832.711103,86
1752704832.821290,86
1752704832.929076,87
1752704833.039655,86
1752704833.145904,86
1752704833.254846,86
1752704833.362219,86
1752704833.469631,88
1752704833.579097,87
1752704833.687850,88
1752704833.796059,87
1752704833.904546,87
1752704834.014399,87
1752704834.123102,88
1752704834.237294,88
1752704834.347205,88
1752704834.455338,88
1752704834.565043,89
1752704834.679198,89
1752704834.788172,89
1752704834.896523,88
1752704835.004805,93
1752704835.115941,93
1752704835.225918,94
1752704835.333002,95
1752704835.444659,94
1752704835.551720,95
1752704835.660125,94
1752704835.766897,94
1752704835.874680,94
1752704835.981847,95
1752704836.089559,94
1752704836.196608,94
1752704836.302832,93
1752704836.413435,98
1752704836.525472,98
1752704836.633080,99
1752704836.743821,99
1752704836.850423,99
1752704836.958951,99
1752704837.077614,99
1752704837.185301,99
1752704837.305106,99
1752704837.417670,98
1752704837.529788,98
1752704837.637903,98
1752704837.747985,98
1752704837.856928,99
1752704837.965263,99
1752704838.076842,99
1752704838.183040,99
1752704838.294878,99
1752704838.402401,99
1752704838.511984,99
1752704838.619502,99
1752704838.729786,99
1752704838.836880,99
1752704838.953899,98
1752704839.064869,99
1752704839.179347,100
1752704839.289468,99
1752704839.399460,99
1752704839.535601,99
1752704839.652398,99
1752704839.761473,99
1752704839.868920,99
1752704839.977247,99
1752704840.084930,99
1752704840.193455,99
1752704840.301294,100
1752704840.410480,99
1752704840.520766,99
1752704840.630152,99
1752704840.738142,99
1752704840.847293,99
1752704840.954619,99
1752704841.064747,99
1752704841.177600,99
1752704841.285008,99
1752704841.394306,99
1752704841.500857,99
1752704841.610068,99
1752704841.720324,99
1752704841.830063,98
1752704841.938096,98
1752704842.046182,98
1752704842.153092,98
1752704842.261466,98
1752704842.368735,99
1752704842.477423,97
1752704842.588356,99
1752704842.694465,98
1752704842.800486,98
1752704842.906517,96
1752704843.012586,97
1752704843.122110,96
1752704843.229656,96
1752704843.336423,96
1752704843.443313,97
1752704843.551325,96
1752704843.658687,96
1752704843.765435,93
1752704843.873366,86
1752704843.980682,79
1752704844.087834,73
1752704844.197433,66
1752704844.304923,65
1752704844.414448,65
1752704844.523289,59
1752704844.630580,58
1752704844.737816,58
1752704844.845704,58
1752704844.952271,58
1752704845.069497,58
1752704845.187243,57
1752704845.295522,58
1752704845.402205,60
1752704845.509761,60
1752704845.617402,60
1752704845.725952,60
1752704845.835066,60
1752704845.942514,60
1752704846.051275,61
1752704846.157896,60
1752704846.284321,60
1752704846.392812,60
1752704846.501136,60
1752704846.610508,61
1752704846.719642,61
1752704846.831444,61
1752704846.940002,62
1752704847.048203,61
1752704847.155923,61
1752704847.269418,62
1752704847.375652,62
1752704847.481920,62
1752704847.588113,61
1752704847.695138,61
1752704847.802922,62
1752704847.911191,61
1752704848.020144,62
1752704848.127195,63
1752704848.234815,62
1752704848.342296,62
1752704848.451372,62
1752704848.560356,62
1752704848.668624,62
1752704848.775285,62
1752704848.883000,63
1752704848.990608,64
1752704849.098356,63
1752704849.205470,64
1752704849.319182,64
1752704849.426972,65
1752704849.537316,64
1752704849.646857,64
1752704849.754001,64
1752704849.861329,64
1752704849.968446,65
1752704850.075176,64
1752704850.193339,64
1752704850.310125,64
1752704850.431176,64
1752704850.543245,64
1752704850.654123,65
1752704850.761026,65
1752704850.869442,65
1752704850.976560,65
1752704851.084395,64
1752704851.192563,66
1752704851.301880,66
1752704851.409171,66
1752704851.517493,66
1752704851.624417,66
1752704851.733431,66
1752704851.840869,65
1752704851.949906,64
1752704852.061192,65
1752704852.171308,65
1752704852.282236,66
1752704852.392352,66
1752704852.503925,67
1752704852.616576,66
1752704852.727644,67
1752704852.838901,67
1752704852.952315,67
1752704853.062819,67
1752704853.173115,69
1752704853.290428,68
1752704853.403421,61
1752704853.513108,54
1752704853.643345,46
1752704853.752517,39
1752704853.860692,31
1752704853.969854,28
1752704854.077892,28
1752704854.185846,29
1752704854.308117,21
1752704854.422810,20
1752704854.538954,20
1752704854.647986,20
1752704854.756804,20
1752704854.865549,19
1752704854.973765,20
1752704855.082903,19
1752704855.191157,21
1752704855.308606,19
1752704855.427062,21
1752704855.552875,20
1752704855.661601,20
1752704855.772886,20
1752704855.879159,20
1752704855.986650,20
1752704856.096058,22
1752704856.221836,21
1752704856.329659,23
1752704856.436917,21
1752704856.546226,21
1752704856.655876,21
1752704856.765095,21
1752704856.885331,21
1752704856.992075,22
1752704857.100480,22
1752704857.209608,23
1752704857.317548,22
1752704857.425697,22
1752704857.533640,23
1752704857.826932,23
1752704857.935969,24
1752704858.042157,23
1752704858.162282,23
1752704858.270938,23
1752704858.378093,23
1752704858.485051,23
1752704858.592813,23
1752704858.700908,24
1752704858.807813,24
1752704858.915128,24
1752704859.022177,25
1752704859.129328,25
1752704859.240147,25
1752704859.347218,26
1752704859.454237,27
1752704859.560560,27
1752704859.669367,26
1752704859.784780,26
1752704859.896045,25
1752704860.006114,26
1752704860.115613,27
1752704860.228175,26
1752704860.344368,27
1752704860.453090,27
1752704860.566335,27
1752704860.676863,27
1752704860.790524,27
1752704860.900063,27
1752704861.011912,27
1752704861.120929,27
1752704861.228784,27
1752704861.336139,27
1752704861.455108,28
1752704861.565636,28
1752704861.676859,28
1752704861.793118,28
1752704861.902716,28
1752704862.031522,29
1752704862.150184,29
1752704862.261451,30
1752704862.379293,30
1752704862.487671,30
1752704862.594911,30
1752704862.703921,30
1752704862.818161,29
1752704862.924928,30
1752704863.042002,32
1752704863.150875,31
1752704863.263006,31
1752704863.372883,31
1752704863.497445,31
1752704863.613874,31
1752704863.723549,32
1752704863.832550,33
1752704863.938975,31
1752704864.048573,32
1752704864.157596,32
1752704864.268025,32
1752704864.384126,32
1752704864.512639,31
1752704864.621262,32
1752704864.741146,33
1752704864.852470,33
1752704864.959263,33
1752704865.070109,34
1752704865.224907,34
1752704865.332444,34
1752704865.439764,35
1752704865.547310,34
1752704865.660376,34
1752704865.774686,33
1752704865.881812,34
1752704865.993256,34
1752704866.101286,35
1752704866.211223,33
1752704866.387183,34
1752704866.669976,35
1752704866.785746,34
1752704866.894776,34
1752704867.014448,34
1752704867.137767,34
1752704867.249638,34
1752704867.448284,34
1752704867.563200,34
1752704867.671704,34
1752704867.779690,34
1752704867.886958,35
1752704867.994937,34
1752704868.102207,34
1752704868.210367,35
1752704868.317024,34
1752704868.433121,34
1752704868.551008,34
1752704868.661440,35
1752704868.769039,34
1752704868.876695,34
1752704868.990386,34
1752704869.101490,34
1752704869.299616,35
1752704869.566782,35
1752704869.678188,36
1752704869.896258,36
1752704870.003612,37
1752704870.116524,38
1752704870.303164,37
1752704870.416498,37
1752704870.533300,37
1752704870.641329,38
1752704870.750262,38
1752704870.868733,38
1752704870.976949,37
1752704871.084073,38
1752704871.193392,40
1752704871.300808,39
1752704871.408266,39
1752704871.514397,40
1752704871.622605,39
1752704871.733667,39
1752704871.842139,38
1752704871.953066,39
1752704872.064651,39
1752704872.181587,38
1752704872.296899,39
1752704872.405830,39
1752704872.516126,39
1752704872.624410,40
1752704872.731925,40
1752704872.838630,41
1752704872.946965,40
1752704873.053113,41
1752704873.164616,41
1752704873.275422,42
1752704873.382249,41
1752704873.489249,41
1752704873.600044,41
1752704873.708256,41
1752704873.815552,41
1752704873.923104,42
1752704874.051360,41
1752704874.159356,42
1752704874.269243,43
1752704874.378776,41
1752704874.502273,41
1752704874.612192,42
1752704874.726872,42
1752704874.834146,41
1752704874.949357,42
1752704875.057252,42
1752704875.209278,41
1752704875.324106,42
1752704875.440912,42
1752704875.547378,41
1752704875.654306,43
1752704875.765038,43
1752704875.881188,42
1752704875.990876,43
1752704876.104634,43
1752704876.230192,43
1752704876.369626,43
1752704876.477834,42
1752704876.584354,43
1752704876.692582,43
1752704876.806041,44
1752704876.923286,43
1752704877.034204,44
1752704877.146230,44
1752704877.265085,43
1752704877.373038,44
1752704877.481298,44
1752704877.590011,44
1752704877.697855,44
1752704877.804960,45
1752704877.924698,45
1752704878.048279,45
1752704878.156497,46
1752704878.264319,46
1752704878.374710,47
1752704878.486010,44
1752704878.593732,44
1752704878.701346,45
1752704878.809061,46
1752704878.921903,47
1752704879.030194,46
1752704879.138707,45
1752704879.246817,47
1752704879.355088,45
1752704879.462338,46
1752704879.571510,46
1752704879.680894,46
1752704879.789049,46
1752704879.897548,46
1752704880.006916,46
1752704880.113273,46
1752704880.220548,46
1752704880.328761,47
1752704880.435034,47
1752704880.541518,46
1752704880.648517,47
1752704880.756193,47
1752704880.862727,47
1752704880.969578,48
1752704881.076811,48
1752704881.183862,48
1752704881.291144,48
1752704881.397831,48
1752704881.504563,48
1752704881.623908,47
1752704881.735341,48
1752704881.849833,48
1752704881.982445,48
1752704882.093750,48
1752704882.204904,48
1752704882.318027,48
1752704882.448849,48
1752704882.565953,48
1752704882.682846,47
1752704882.798892,47
1752704882.904987,48
1752704883.012257,48
1752704883.137709,48
1752704883.273384,48
1752704883.388190,48
1752704883.515383,48
1752704883.628542,48
1752704883.756717,48
1752704883.877871,49
1752704884.017026,49
1752704884.138399,49
1752704884.271042,48
1752704884.378993,48
1752704884.653246,50
1752704884.762458,50
1752704884.870078,50
1752704884.978625,50
1752704885.086921,50
1752704885.193664,50
1752704885.300970,50
1752704885.418747,50
1752704885.527242,49
1752704885.645707,48
1752704885.757198,49
1752704885.864880,49
1752704885.971952,49
1752704886.079627,49
1752704886.186726,49
1752704886.293314,50
1752704886.413605,49
1752704886.523400,49
1752704886.633232,49
1752704886.742872,49
1752704886.852981,51
1752704886.961589,51
1752704887.071159,51
1752704887.178317,51
1752704887.292090,51
1752704887.403230,51
1752704887.514500,50
1752704887.623519,50
1752704887.733904,50
1752704887.842176,50
1752704887.959259,49
1752704888.074309,51
1752704888.219007,49
1752704888.326467,51
1752704888.439135,50
1752704888.584930,50
1752704888.710206,51
1752704888.818583,52
1752704888.925173,51
1752704889.033199,51
1752704889.141230,51
1752704889.250517,51
1752704889.357336,51
1752704889.465442,52
1752704889.574145,51
1752704889.681652,51
1752704889.791414,51
1752704889.902360,51
1752704890.011388,51
1752704890.117684,52
1752704890.234327,52
1752704890.343131,52
1752704890.452460,52
1752704890.563074,52
1752704890.670096,52
1752704890.777205,52
1752704890.888014,54
1752704890.994539,53
1752704891.101509,53
1752704891.209479,54
1752704891.316710,54
1752704891.430166,54
1752704891.633503,55
1752704891.743627,55
1752704891.850691,55
1752704891.958755,55
1752704892.066936,56
1752704892.174817,55
1752704892.282753,55
1752704892.390151,56
1752704892.497231,54
1752704892.605003,56
1752704892.711414,55
1752704892.823122,55
1752704892.935856,55
1752704893.043061,55
1752704893.191514,55
1752704893.324779,56
1752704893.432277,57
1752704893.538838,56
1752704893.649961,56
1752704893.757735,57
1752704893.864475,57
1752704893.978548,57
1752704894.089036,57
1752704894.199001,57
1752704894.308671,57
1752704894.418268,57
1752704894.525419,57
1752704894.632832,57
1752704894.741827,57
1752704894.848603,57
1752704894.957075,58
1752704895.064827,57
1752704895.173206,57
1752704895.280195,58
1752704895.387890,57
1752704895.494822,57
1752704895.603220,57
1752704895.711050,57
1752704895.831122,58
1752704895.941711,58
1752704896.051275,57
1752704896.160717,57
1752704896.271276,56
1752704896.382003,55
1752704896.492164,53
1752704896.601766,54
1752704896.709653,54
1752704896.818458,54
1752704896.925355,55
1752704897.031739,55
1752704897.150121,55
1752704897.265054,55
1752704897.374192,56
1752704897.480199,56
1752704897.590246,56
1752704897.696908,56
1752704897.804456,56
1752704897.910732,56
1752704898.018976,57
1752704898.125193,55
1752704898.241152,55
1752704898.350666,56
1752704898.460079,55
1752704898.572175,55
1752704898.680276,54
1752704898.789484,55
1752704898.898814,56
1752704899.007473,55
1752704899.115687,55
1752704899.223950,55
1752704899.332042,55
1752704899.440823,56
1752704899.548010,56
1752704899.655213,57
1752704899.761720,56
1752704899.868856,57
1752704899.977390,56
1752704900.085480,57
1752704900.194230,56
1752704900.302516,56
1752704900.410110,56
1752704900.517345,56
1752704900.626710,56
1752704900.734188,56
1752704900.842340,55
1752704900.949605,57
1752704901.056687,56
1752704901.164522,56
1752704901.273591,57
1752704901.383049,57
1752704901.490380,57
1752704901.602681,58
1752704901.709746,57
1752704901.816194,57
1752704901.923224,57
1752704902.030692,58
1752704902.138706,57
1752704902.247040,57
1752704902.354799,57
1752704902.461585,58
1752704902.568926,57
1752704902.676220,56
1752704902.783179,57
1752704902.890818,57
1752704902.998381,57
1752704903.107630,58
1752704903.214673,57
1752704903.322154,59
1752704903.429983,57
1752704903.537997,58
1752704903.645675,58
1752704903.752848,59
1752704903.860600,58
1752704903.967302,59
1752704904.077894,58
1752704904.186000,59
1752704904.294698,58
1752704904.402855,57
1752704904.510305,58
1752704904.617598,58
1752704904.725086,58
1752704904.832002,59
1752704904.940782,59
1752704905.047926,59
1752704905.162497,59
1752704905.270605,59
1752704905.378802,59
1752704905.486984,60
1752704905.594382,59
1752704905.700932,59
1752704905.814723,59
1752704905.931632,60
1752704906.042205,59
1752704906.151114,59
1752704906.268109,59
1752704906.376103,59
1752704906.493736,59
1752704906.602174,59
1752704906.710629,59
1752704906.818021,60
1752704906.926801,60
1752704907.033503,60
1752704907.140449,60
1752704907.247516,60
1752704907.354352,60
1752704907.462215,60
1752704907.568960,60
1752704907.676242,60
1752704907.783207,60
1752704907.889463,60
1752704907.997401,61
1752704908.117804,60
1752704908.226516,60
1752704908.333572,60
1752704908.442152,61
1752704908.549049,60
1752704908.655440,60
1752704908.765352,60
1752704908.871761,62
1752704908.981458,61
1752704909.089284,62
1752704909.205268,61
1752704909.316880,61
1752704909.428220,61
1752704909.535294,61
1752704909.643250,61
1752704909.750009,61
1752704909.856685,61
1752704909.964389,61
1752704910.072709,61
1752704910.181320,61
1752704910.289204,61
1752704910.397330,62
1752704910.504688,61
1752704910.613041,62
1752704910.721716,62
1752704910.828787,62
1752704910.936471,63
1752704911.044803,62
1752704911.153440,62
1752704911.261469,62
1752704911.369170,62
1752704911.477192,62
1752704911.584053,62
1752704911.691116,62
1752704911.799299,62
1752704911.913632,63
1752704912.021258,62
1752704912.129203,62
1752704912.236323,62
1752704912.343320,63
1752704912.451463,62
1752704912.557694,62
1752704912.665592,63
1752704912.774351,63
1752704912.884044,64
1752704912.991204,63
1752704913.101023,64
1752704913.207585,64
1752704913.317181,63
1752704913.424799,63
1752704913.534200,63
1752704913.641656,63
1752704913.749625,63
1752704913.857373,63
1752704913.965242,63
1752704914.072041,63
1752704914.179918,62
1752704914.300913,63
1752704914.408970,64
1752704914.518545,63
1752704914.627195,63
1752704914.736590,64
1752704914.845655,63
1752704914.955271,64
1752704915.065119,65
1752704915.175548,64
1752704915.286070,64
1752704915.396436,65
1752704915.509585,64
1752704915.622606,64
1752704915.734039,65
1752704915.842802,65
1752704915.952228,64
1752704916.064591,64
1752704916.173197,64
1752704916.281478,64
1752704916.388571,65
1752704916.495953,64
1752704916.602939,63
1752704916.709757,65
1752704916.831902,64
1752704916.941305,64
1752704917.055025,64
1752704917.171778,64
1752704917.284529,64
1752704917.392615,64
1752704917.514755,65
1752704917.633274,65
1752704917.740945,65
1752704917.852451,66
1752704917.959301,65
1752704918.076588,65
1752704918.210693,65
1752704918.333010,66
1752704918.450303,66
1752704918.559809,66
1752704918.671278,66
1752704918.782589,66
1752704918.897483,67
1752704919.004124,67
1752704919.119117,67
1752704919.237436,67
1752704919.357035,66
1752704919.472631,66
1752704919.604278,66
1752704919.720494,65
1752704919.849831,66
1752704919.963247,65
1752704920.077836,66
1752704920.196459,66
1752704920.319957,66
1752704920.472749,67
1752704920.605736,67
1752704920.712340,68
1752704920.824673,67
1752704920.940221,67
1752704921.049810,67
1752704921.158309,69
1752704921.266856,68
1752704921.376301,69
1752704921.484861,67
1752704921.592524,69
1752704921.700516,68
1752704921.808176,68
1752704921.919633,68
1752704922.027228,68
1752704922.136120,68
1752704922.273164,68
1752704922.383944,69
1752704922.490380,69
1752704922.601391,69
1752704922.707622,68
1752704922.814976,68
1752704922.922670,69
1752704923.030244,69
1752704923.140169,68
1752704923.247659,68
1752704923.354082,69
1752704923.461293,69
1752704923.570198,68
1752704923.677958,68
1752704923.789650,69
1752704923.910903,68
1752704924.025623,67
1752704924.138201,67
1752704924.245387,68
1752704924.352024,68
1752704924.476681,70
1752704924.585651,69
1752704924.695360,69
1752704924.804507,69
1752704924.913339,69
1752704925.038683,69
1752704925.147069,70
1752704925.256256,70
1752704925.364639,70
1752704925.483716,70
1752704925.590862,70
1752704925.697646,69
1752704925.804573,69
1752704925.913370,69
1752704926.024280,69
1752704926.136354,70
1752704926.245442,80
1752704926.355781,80
1752704926.465194,80
1752704926.580497,80
1752704926.689009,81
1752704926.798356,81
1752704926.904836,82
1752704927.011997,81
1752704927.122496,83
1752704927.228988,82
1752704927.340458,77
1752704927.457635,75
1752704927.589352,78
1752704927.698152,82
1752704927.808570,86
1752704927.917844,88
1752704928.025127,90
1752704928.132195,91
1752704928.242558,91
1752704928.352039,90
1752704928.474658,89
1752704928.583904,87
1752704928.691772,88
1752704928.805116,88
1752704928.919502,89
1752704929.033477,89
1752704929.142417,91
1752704929.249380,91
1752704929.359342,93
1752704929.468179,97
1752704929.576904,99
1752704929.684727,99
1752704929.792854,99
1752704929.901572,96
1752704930.020747,93
1752704930.130418,90
1752704930.241053,87
1752704930.348855,83
1752704930.458609,80
1752704930.565171,76
1752704930.675129,74
1752704930.821703,70
1752704930.929858,67
1752704931.038196,66
1752704931.146112,68
1752704931.267871,63
1752704931.386499,58
1752704931.499459,52
1752704931.606904,46
1752704931.718500,45
1752704931.825123,39
1752704931.932548,36
1752704932.041941,39
1752704932.150643,43
1752704932.260181,53
1752704932.366893,62
1752704932.474533,74
1752704932.582440,87
1752704932.688589,97
1752704932.809600,99
1752704932.931616,98
1752704933.044457,98
1752704933.155252,98
1752704933.267445,98
1752704933.377987,98
1752704933.489753,98
1752704933.616349,98
1752704933.724632,98
1752704933.832742,98
1752704933.941927,98
1752704934.049586,98
1752704934.156761,99
1752704934.265027,98
1752704934.372119,98
1752704934.485853,99
1752704934.607151,99
1752704934.716284,99
1752704934.836222,99
1752704934.949599,99
1752704935.058965,99
1752704935.167485,100
1752704935.275330,99
1752704935.383084,99
1752704935.490217,99
1752704935.597987,99
1752704935.708981,99
1752704935.823644,99
1752704935.932280,99
1752704936.043175,99
1752704936.151430,99
1752704936.261254,99
1752704936.369395,98
1752704936.488780,99
1752704936.612412,99
1752704936.730762,99
1752704936.848558,99
1752704936.963244,99
1752704937.076040,98
1752704937.185523,99
1752704937.299078,99
1752704937.428601,99
1752704937.544790,98
1752704937.658253,99
1752704937.772150,99
1752704937.883975,100
1752704937.995998,99
1752704938.114589,96
1752704938.230947,94
1752704938.338606,91
1752704938.453197,89
1752704938.564464,86
1752704938.673081,83
1752704938.780185,81
1752704938.894072,79
1752704939.004155,77
1752704939.112006,74
1752704939.229601,71
1752704939.337037,69
1752704939.444669,65
1752704939.551567,61
1752704939.669549,55
1752704939.780302,48
1752704939.889027,41
1752704939.998082,35
1752704940.105190,35
1752704940.236334,36
1752704940.349013,39
1752704940.458044,39
1752704940.566335,42
1752704940.673937,43
1752704940.783127,46
1752704940.890681,49
1752704940.997876,52
1752704941.105561,56
1752704941.224861,58
1752704941.334010,59
1752704941.455147,58
1752704941.565586,50
1752704941.675414,43
1752704941.788205,37
1752704941.898813,36
1752704942.009624,35
1752704942.117270,30
1752704942.226623,23
1752704942.336897,16
1752704942.453496,9
1752704942.571548,2
1752704942.682574,2
1752704942.790886,2
1752704942.900206,3
1752704943.007113,5
1752704943.114119,5
1752704943.227312,5
1752704943.335988,7
1752704943.543002,8
1752704943.654990,7
1752704943.762495,8
1752704943.871014,7
1752704943.980409,8
1752704944.088017,7
1752704944.229116,7
1752704944.343440,7
1752704944.452322,8
1752704944.560181,7
1752704944.685685,8
1752704944.794989,8
1752704944.917479,7
1752704945.029270,8
1752704945.136854,8
1752704945.244756,8
1752704945.353480,8
1752704945.462690,7
1752704945.569942,8
1752704945.687278,7
1752704945.797213,7
1752704945.910612,8
1752704946.024503,6
1752704946.151104,7
1752704946.259211,7
1752704946.372087,7
1752704946.484329,6
1752704946.593611,7
1752704946.702068,8
1752704946.809611,7
1752704946.916602,8
1752704947.025545,7
1752704947.141241,7
1752704947.256557,7
1752704947.366594,7
1752704947.475165,6
1752704947.589318,8
1752704947.700021,7
1752704947.838006,7
1752704947.947081,8
1752704948.056168,7
1752704948.170640,9
1752704948.286157,6
1752704948.394468,8
1752704948.503220,8
1752704948.616553,7
1752704948.725084,8
1752704948.833527,8
1752704948.941713,7
1752704949.050805,9
1752704949.166516,7
1752704949.284469,8
1752704949.417251,8
1752704949.531346,8
1752704949.643498,7
1752704949.768475,9
1752704949.883153,9
1752704949.996228,10
1752704950.113823,8
1752704950.223180,8
1752704950.338374,8
1752704950.452682,7
1752704950.562956,6
1752704950.673892,8
1752704950.810378,7
1752704950.922390,6
1752704951.033569,8
1752704951.188426,8
1752704951.301367,8
1752704951.410496,7
1752704951.526823,8
1752704951.635557,7
1752704951.747360,8
1752704951.892562,8
1752704952.006382,8
1752704952.114835,8
1752704952.248432,7
1752704952.361506,7
1752704952.469364,7
1752704952.577258,8
1752704952.686799,6
1752704952.799020,6
1752704952.918071,0
1752704953.026800,1
1752704953.141369,1
1752704953.254366,3
1752704953.365084,5
1752704953.475374,5
1752704953.607679,5
1752704953.720004,5
1752704953.842085,6
1752704953.955065,6
1752704954.076146,8
1752704954.187737,8
1752704954.295447,8
1752704954.407856,9
1752704954.520426,8
1752704954.627924,7
1752704954.737646,9
1752704954.850159,8
1752704954.961293,7
1752704955.071420,8
1752704955.179469,7
1752704955.288435,7
1752704955.406001,6
1752704955.516110,7
1752704955.623331,7
1752704955.735433,7
1752704955.842464,7
1752704955.956767,7
1752704956.074460,7
1752704956.181590,6
1752704956.290036,7
1752704956.400264,6
1752704956.509749,7
1752704956.619568,8
1752704956.727523,8
1752704956.835106,7
1752704956.942033,8
1752704957.051211,7
1752704957.158304,6
1752704957.266515,7
1752704957.373202,7
1752704957.481149,6
1752704957.589000,7
1752704957.706419,8
1752704957.816143,7
1752704957.925243,7
1752704958.033354,7
1752704958.140630,8
1752704958.247473,7
1752704958.355937,7
1752704958.461556,6
1752704958.569672,7
1752704958.676877,7
1752704958.785179,6
1752704958.904597,6
1752704959.014352,6
1752704959.123991,6
1752704959.231522,6
1752704959.338066,6
1752704959.446855,6
1752704959.555545,6
1752704959.663888,6
1752704959.771363,7
1752704959.878073,7
1752704959.986352,6
1752704960.092923,7
1752704960.199129,9
1752704960.306062,7
1752704960.413376,7
1752704960.521173,7
1752704960.630612,7
1752704960.741738,7
1752704960.860790,7
1752704960.979331,8
1752704961.089768,8
1752704961.200320,7
1752704961.311311,7
1752704961.429273,6
1752704961.538651,7
1752704961.645844,7
1752704961.754032,8
1752704961.861057,6
1752704961.969597,7
1752704962.087481,7
1752704962.197452,7
1752704962.306851,6
1752704962.417274,7
1752704962.524655,7
1752704962.639067,7
1752704962.752694,7
1752704962.859675,7
1752704962.966358,7
1752704963.074609,7
1752704963.188761,2
1752704963.304277,1
1752704963.414542,2
1752704963.529148,2
1752704963.642854,2
1752704963.760636,4
1752704963.868495,4
1752704963.975251,4
1752704964.084470,7
1752704964.192331,6
1752704964.311249,5
1752704964.418205,9
1752704964.525747,7
1752704964.634711,10
1752704964.741454,9
1752704964.848640,10
1752704964.955834,9
1752704965.062521,9
1752704965.172168,9
1752704965.278565,10
1752704965.387477,9
1752704965.496091,9
1752704965.603235,10
1752704965.709731,9
1752704965.816891,10
1752704965.923506,9
1752704966.029773,8
1752704966.145882,8
1752704966.263927,8
1752704966.374401,8
1752704966.501932,7
1752704966.612423,7
1752704966.725270,7
1752704966.839246,7
1752704966.949588,7
1752704967.057746,6
1752704967.172953,7
1752704967.285154,6
1752704967.392354,7
1752704967.498777,7
1752704967.608072,8
1752704967.716488,6
1752704967.823836,7
1752704967.930423,7
1752704968.039001,6
1752704968.146395,8
1752704968.252855,8
1752704968.361703,7
1752704968.469010,7
1752704968.577187,8
1752704968.684364,9
1752704968.792994,9
1752704968.904570,8
1752704969.013366,8
1752704969.123130,7
1752704969.231113,8
1752704969.344097,9
1752704969.456878,7
1752704969.595346,6
1752704969.729479,7
1752704969.844090,6
1752704969.952383,7
1752704970.065663,9
1752704970.176065,8
1752704970.292689,9
1752704970.431146,11
1752704970.540700,8
1752704970.652086,9
1752704970.766247,10
1752704970.879796,9
1752704970.992128,9
1752704971.103074,9
1752704971.216628,8
1752704971.328244,9
1752704971.436491,9
1752704971.545408,9
1752704971.657088,8
1752704971.768712,7
1752704971.881482,7
1752704971.995346,8
1752704972.102918,9
1752704972.246117,8
1752704972.356666,9
1752704972.470036,7
1752704972.586589,9
1752704972.700250,9
1752704972.808996,9
1752704972.918685,7
1752704973.026152,9
1752704973.134353,9
1752704973.242866,8
1752704973.352092,9
1752704973.468072,4
1752704973.578494,1
1752704973.686900,1
1752704973.798232,2
1752704973.905698,4
1752704974.013057,5
1752704974.120390,7
1752704974.231547,7
1752704974.341956,9
1752704974.454374,9
1752704974.565912,9
1752704974.674711,9
1752704974.782475,9
1752704974.889573,9
1752704974.996880,9
1752704975.103516,8
1752704975.210635,8
1752704975.318090,8
1752704975.425415,8
1752704975.532750,9
1752704975.639404,8
1752704975.748487,8
1752704975.857687,7
1752704975.966466,7
1752704976.077434,8
1752704976.195096,7
1752704976.306277,8
1752704976.419181,7
1752704976.531656,7
1752704976.638795,7
1752704976.748792,8
1752704976.866532,7
1752704976.973863,8
1752704977.081770,7
1752704977.190073,8
1752704977.297348,8
1752704977.405094,7
1752704977.513898,8
1752704977.625619,8
1752704977.738788,8
1752704977.849294,8
1752704977.957263,8
1752704978.065878,7
1752704978.173454,8
1752704978.282222,7
1752704978.389008,8
1752704978.497357,9
1752704978.604649,9
1752704978.714439,8
1752704978.824832,9
1752704978.932071,7
1752704979.043893,8
1752704979.152110,8
1752704979.260531,8
1752704979.368301,7
1752704979.476518,8
1752704979.583109,8
1752704979.689988,8
1752704979.801040,8
1752704979.908629,8
1752704980.017622,7
1752704980.125336,8
1752704980.233552,9
1752704980.343944,9
1752704980.453109,9
1752704980.562804,9
1752704980.669728,9
1752704980.776850,10
1752704980.884116,11
1752704980.990504,9
1752704981.110318,8
1752704981.239016,8
1752704981.347543,9
1752704981.456906,8
1752704981.583458,8
1752704981.695137,9
1752704981.806618,8
1752704981.915095,8
1752704982.023359,8
1752704982.131415,8
1752704982.238221,7
1752704982.346376,8
1752704982.459508,7
1752704982.568346,8
1752704982.674762,8
1752704982.782065,9
1752704982.893423,7
1752704983.003143,8
1752704983.110817,7
1752704983.220109,8
1752704983.380484,8
1752704983.489291,7
1752704983.631090,7
1752704983.742402,9
1752704983.937282,1
1752704984.058170,1
1752704984.168784,2
1752704984.274939,3
1752704984.382233,5
1752704984.488867,5
1752704984.597469,7
1752704984.708347,8
1752704984.817555,7
1752704984.926016,7
1752704985.036594,7
1752704985.161094,6
1752704985.284989,7
1752704985.398512,7
1752704985.530375,8
1752704985.638762,8
1752704985.749497,8
1752704985.857732,8
1752704985.965491,8
1752704986.073316,8
1752704986.180623,8
1752704986.289487,9
1752704986.400330,8
1752704986.507906,8
1752704986.620179,8
1752704986.726715,7
1752704986.834479,8
1752704986.941830,6
1752704987.053597,6
1752704987.160413,8
1752704987.267392,6
1752704987.374761,7
1752704987.483589,7
1752704987.590791,7
1752704987.696946,6
1752704987.804715,7
1752704987.912139,8
1752704988.021455,7
1752704988.127626,8
1752704988.234751,7
1752704988.340763,7
1752704988.447201,7
1752704988.554453,8
1752704988.661450,8
1752704988.769206,7
1752704988.876131,8
1752704988.987155,7
1752704989.093703,8
1752704989.201272,10
1752704989.311341,7
1752704989.421327,7
1752704989.528625,6
1752704989.636168,7
1752704989.744184,6
1752704989.852759,7
1752704989.958644,7
1752704990.066843,7
1752704990.174667,6
1752704990.282374,7
1752704990.391115,6
1752704990.499936,6
1752704990.610396,7
1752704990.718030,6
1752704990.825409,6
1752704990.935517,7
1752704991.042236,8
1752704991.156081,6
1752704991.270320,7
1752704991.377178,8
1752704991.489540,8
1752704991.596095,6
1752704991.704211,7
1752704991.810059,7
1752704991.918714,7
1752704992.024928,7
1752704992.132042,7
1752704992.238647,7
1752704992.345704,7
1752704992.458286,6
1752704992.564960,7
1752704992.673042,6
1752704992.779159,7
1752704992.887974,6
1752704992.993932,7
1752704993.102344,6
1752704993.209497,7
1752704993.319229,7
1752704993.426927,7
1752704993.534298,6
1752704993.641747,7
1752704993.747911,7
1752704993.858231,7
1752704993.964662,8
1752704994.072897,9
1752704994.179321,3
1752704994.294151,1
1752704994.409771,0
1752704994.524066,1
1752704994.637755,3
1752704994.746224,6
1752704994.860056,5
1752704994.969098,5
1752704995.089760,8
1752704995.196173,6
1752704995.306418,7
1752704995.430910,9
1752704995.542166,7
1752704995.679480,8
1752704995.786821,6
1752704995.922890,7
1752704996.033055,7
1752704996.140411,7
1752704996.247050,8
1752704996.356835,8
1752704996.463970,8
1752704996.573733,9
1752704996.680640,8
1752704996.794593,8
1752704996.901984,8
1752704997.011418,8
1752704997.121323,7
1752704997.229715,8
1752704997.339384,9
1752704997.447319,7
1752704997.557358,7
1752704997.665860,7
1752704997.774173,6
1752704997.881439,6
1752704998.001873,7
1752704998.109726,6
1752704998.218764,8
1752704998.327019,6
1752704998.444570,8
1752704998.552232,7
1752704998.668806,7
1752704998.785830,8
1752704998.895338,7
1752704999.009402,7
1752704999.116631,9
1752704999.225677,8
1752704999.334692,8
1752704999.444004,8
1752704999.557046,9
1752704999.664580,8
1752704999.773704,8
1752704999.880816,8
1752704999.989403,7
1752705000.096021,6
1752705000.204345,7
1752705000.312185,7
1752705000.423025,8
1752705000.533684,6
1752705000.642303,7
1752705000.749274,6
1752705000.857911,6
1752705000.965316,8
1752705001.074021,6
1752705001.181341,7
1752705001.289198,6
1752705001.395708,7
1752705001.504471,7
1752705001.611727,7
1752705001.718536,6
1752705001.827398,8
1752705001.933424,7
1752705002.042920,7
1752705002.149461,7
1752705002.259581,7
1752705002.365948,7
1752705002.474143,7
1752705002.580252,7
1752705002.691360,7
1752705002.800349,7
1752705002.907933,7
1752705003.014818,7
1752705003.121805,7
1752705003.229233,7
1752705003.336407,7
1752705003.443445,7
1752705003.549839,7
1752705003.657853,7
1752705003.764593,6
1752705003.871962,7
1752705003.978437,7
1752705004.111583,6
1752705004.218936,8
1752705004.327742,7
1752705004.435514,6
1752705004.543584,1
1752705004.653547,1
1752705004.763026,2
1752705004.871210,3
1752705004.979122,6
1752705005.089831,5
1752705005.200815,6
1752705005.311014,4
1752705005.419698,5
1752705005.527686,7
1752705005.635608,6
1752705005.746112,6
1752705005.856400,8
1752705005.966967,7
1752705006.075160,8
1752705006.182177,7
1752705006.289323,9
1752705006.395595,8
1752705006.501845,9
1752705006.609562,7
1752705006.716660,8
1752705006.825093,9
1752705006.931159,8
1752705007.038216,8
1752705007.146004,10
1752705007.265458,9
1752705007.372923,9
1752705007.480393,9
1752705007.588574,9
1752705007.694967,9
1752705007.801170,9
1752705007.909315,10
1752705008.016440,7
1752705008.124681,8
1752705008.231132,9
1752705008.339655,8
1752705008.446732,8
1752705008.556085,7
1752705008.662350,9
1752705008.797521,8
1752705008.905333,8
1752705009.017326,8
1752705009.126188,9
1752705009.238510,8
1752705009.347626,8
1752705009.469764,8
1752705009.616476,9
1752705009.729559,9
1752705009.838789,9
1752705009.946646,9
1752705010.077426,10
1752705010.188965,9
1752705010.298225,9
1752705010.408789,9
1752705010.517729,9
1752705010.628299,10
1752705010.738665,10
1752705010.847609,9
1752705010.956339,9
1752705011.064359,9
1752705011.172697,11
1752705011.280151,10
1752705011.390064,8
1752705011.496978,7
1752705011.605907,8
1752705011.713137,9
1752705011.825728,7
1752705011.943357,8
1752705012.064567,6
1752705012.172212,6
1752705012.277989,8
1752705012.386564,9
1752705012.493937,9
1752705012.601356,8
1752705012.730547,8
1752705012.839272,7
1752705012.946149,8
1752705013.055198,8
1752705013.163080,7
1752705013.271921,9
1752705013.379380,8
1752705013.488365,8
1752705013.594906,8
1752705013.705734,8
1752705013.812689,8
1752705013.920411,7
1752705014.026470,8
1752705014.134610,9
1752705014.240965,9
1752705014.362387,7
1752705014.469957,7
1752705014.577170,7
1752705014.684696,7
1752705014.796654,5
1752705014.904326,3
1752705015.011521,1
1752705015.120404,1
1752705015.226999,3
1752705015.336247,5
1752705015.455394,4
1752705015.566504,6
1752705015.676299,5
1752705015.787390,6
1752705015.893906,8
1752705016.001479,8
1752705016.108104,6
1752705016.217984,7
1752705016.324448,9
1752705016.432696,7
1752705016.554431,7
1752705016.673085,9
1752705016.783444,9
1752705016.895828,8
1752705017.004246,9
1752705017.110640,11
1752705017.220308,9
1752705017.327500,9
1752705017.437238,8
1752705017.544936,9
1752705017.657089,8
1752705017.764262,10
1752705017.873286,15
1752705017.993539,17
1752705018.100593,19
1752705018.207474,22
1752705018.316224,27
1752705018.435064,27
1752705018.543308,30
1752705018.654559,32
1752705018.762091,31
1752705018.869614,32
1752705018.976490,33
1752705019.086112,27
1752705019.192938,22
1752705019.301004,22
1752705019.422405,14
1752705019.530205,12
1752705019.637583,9
1752705019.744615,8
1752705019.852655,7
1752705019.959383,8
1752705020.066659,7
1752705020.173435,9
1752705020.282764,9
1752705020.390862,8
1752705020.497798,7
1752705020.606320,8
1752705020.719390,8
1752705020.825278,8
1752705020.932870,7
1752705021.041063,8
1752705021.151697,8
1752705021.259490,8
1752705021.367838,9
1752705021.473501,9
1752705021.580826,8
1752705021.689955,8
1752705021.796623,9
1752705021.903951,9
1752705022.009912,8
1752705022.117973,9
1752705022.224284,7
1752705022.331196,7
1752705022.438354,7
1752705022.549011,7
1752705022.655191,8
1752705022.762528,9
1752705022.869070,14
1752705022.975293,18
1752705023.082676,20
1752705023.189306,21
1752705023.296146,22
1752705023.402404,24
1752705023.509371,27
1752705023.617858,27
1752705023.723984,27
1752705023.830662,27
1752705023.938389,28
1752705024.047588,27
1752705024.156070,24
1752705024.264040,21
1752705024.371967,15
1752705024.477594,12
1752705024.585190,9
1752705024.693371,8
1752705024.800902,7
1752705024.908624,7
1752705025.017340,6
1752705025.124594,5
1752705025.231996,1
1752705025.339374,1
1752705025.447797,2
1752705025.555124,5
1752705025.661603,5
1752705025.769630,5
1752705025.877257,7
1752705026.020950,6
1752705026.141768,5
1752705026.249246,5
1752705026.360206,7
1752705026.469055,8
1752705026.576823,7
1752705026.684502,8
1752705026.791560,8
1752705026.900046,8
1752705027.007787,8
1752705027.122229,9
1752705027.229787,8
1752705027.337144,9
1752705027.444551,10
1752705027.554314,8
1752705027.663475,9
1752705027.772501,10
1752705027.880571,16
1752705027.990811,17
1752705028.099493,20
1752705028.206645,23
1752705028.317702,26
1752705028.424094,26
1752705028.530623,28
1752705028.637633,30
1752705028.744748,30
1752705028.855203,32
1752705028.961625,33
1752705029.079920,29
1752705029.199507,25
1752705029.309145,24
1752705029.418521,18
1752705029.542333,13
1752705029.652328,8
1752705029.768337,8
1752705029.880174,7
1752705029.989817,7
1752705030.096144,8
1752705030.203636,8
1752705030.310544,9
1752705030.419538,7
1752705030.526534,8
1752705030.637179,7
1752705030.745852,7
1752705030.868661,8
1752705030.975517,9
1752705031.082661,9
1752705031.190387,7
1752705031.296494,9
1752705031.404465,8
1752705031.511661,8
1752705031.619042,7
1752705031.725186,9
1752705031.831529,9
1752705031.938843,8
1752705032.045584,8
1752705032.161775,7
1752705032.269072,8
1752705032.375983,9
1752705032.481630,8
