1752704402.304105,0
1752704402.412153,7
1752704402.519950,16
1752704402.626644,19
1752704402.733445,19
1752704402.840154,19
1752704402.946034,19
1752704403.062054,19
1752704403.179042,19
1752704403.292213,19
1752704403.401967,19
1752704403.509414,19
1752704403.616080,18
1752704403.723911,13
1752704403.830417,14
1752704403.936849,13
1752704404.043848,14
1752704404.150931,17
1752704404.257812,16
1752704404.364875,14
1752704404.471116,15
1752704404.578180,14
1752704404.685569,16
1752704404.797031,15
1752704404.905386,14
1752704405.012924,15
1752704405.120036,14
1752704405.226370,15
1752704405.334130,15
1752704405.442000,16
1752704405.549897,16
1752704405.666035,16
1752704405.785001,16
1752704405.900752,16
1752704406.009417,17
1752704406.118949,16
1752704406.226270,15
1752704406.334272,16
1752704406.441919,17
1752704406.549287,18
1752704406.656117,18
1752704406.763349,17
1752704406.870680,18
1752704406.978090,18
1752704407.085602,18
1752704407.205900,19
1752704407.316438,19
1752704407.428584,19
1752704407.539684,19
1752704407.651284,19
1752704407.758782,19
1752704407.865711,18
1752704407.972805,16
1752704408.081135,10
1752704408.199617,7
1752704408.310776,6
1752704408.418377,6
1752704408.526023,7
1752704408.634014,6
1752704408.744166,7
1752704408.855076,7
1752704408.964852,8
1752704409.074079,7
1752704409.182777,8
1752704409.293527,8
1752704409.404834,9
1752704409.524619,8
1752704409.632319,10
1752704409.739615,9
1752704409.846503,10
1752704409.952801,11
1752704410.104582,11
1752704410.212108,11
1752704410.318699,11
1752704410.426469,12
1752704410.532977,12
1752704410.640528,12
1752704410.747371,12
1752704410.858066,13
1752704410.983466,13
1752704411.101344,13
1752704411.241367,13
1752704411.363781,14
1752704411.470871,15
1752704411.580868,14
1752704411.707600,14
1752704411.829190,14
1752704411.938344,15
1752704412.045426,15
1752704412.152405,15
1752704412.258823,16
1752704412.366666,17
1752704412.473133,16
1752704412.582142,16
1752704412.689203,16
1752704412.797917,17
1752704412.904339,17
1752704413.012283,17
1752704413.118984,17
1752704413.225063,17
1752704413.333308,18
1752704413.440649,19
1752704413.548452,18
1752704413.656699,18
1752704413.765066,18
1752704413.872193,18
1752704413.979977,18
1752704414.088839,20
1752704414.203773,19
1752704414.311380,19
1752704414.418641,19
1752704414.525874,19
1752704414.634303,19
1752704414.741133,19
1752704414.847178,19
1752704414.954297,19
1752704415.079718,19
1752704415.191327,16
1752704415.317864,14
1752704415.431169,14
1752704415.545039,13
1752704415.654434,12
1752704415.763832,13
1752704415.870570,13
1752704415.979095,13
1752704416.086510,14
1752704416.193939,13
1752704416.302624,15
1752704416.410092,13
1752704416.517100,13
1752704416.623887,13
1752704416.733231,14
1752704416.844717,13
1752704416.951883,14
1752704417.062588,15
1752704417.169254,15
1752704417.276697,14
1752704417.384825,16
1752704417.491173,16
1752704417.621185,16
1752704417.731943,17
1752704417.850513,16
1752704417.957930,16
1752704418.067575,16
1752704418.174087,16
1752704418.285860,17
1752704418.400750,17
1752704418.507707,19
1752704418.614401,17
1752704418.721169,18
1752704418.885577,18
1752704419.036069,17
1752704419.152871,19
1752704419.264344,18
1752704419.372322,18
1752704419.486230,18
1752704419.595376,18
1752704419.704115,20
1752704419.815133,19
1752704419.922026,20
1752704420.029169,19
1752704420.135151,19
1752704420.242582,19
1752704420.351871,19
1752704420.459392,19
1752704420.566019,19
1752704420.687215,18
1752704420.796381,16
1752704420.904617,16
1752704421.020608,16
1752704421.129320,15
1752704421.238557,15
1752704421.351735,16
1752704421.462208,14
1752704421.569070,16
1752704421.680683,15
1752704421.788209,17
1752704421.895968,16
1752704422.002533,16
1752704422.110327,17
1752704422.217270,17
1752704422.346211,17
1752704422.466535,18
1752704422.579491,15
1752704422.685831,16
1752704422.792965,15
1752704422.899190,15
1752704423.008417,15
1752704423.116023,15
1752704423.221912,15
1752704423.328749,15
1752704423.435126,14
1752704423.547796,15
1752704423.661488,16
1752704423.772824,16
1752704423.881335,17
1752704423.988073,17
1752704424.095124,16
1752704424.201030,17
1752704424.317075,18
1752704424.424267,17
1752704424.531120,17
1752704424.637437,17
1752704424.749412,18
1752704424.857710,19
1752704424.965415,18
1752704425.075640,18
1752704425.181757,18
1752704425.288697,19
1752704425.395987,20
1752704425.502370,19
1752704425.613196,20
1752704425.723283,19
1752704425.830290,19
1752704425.937685,19
1752704426.045057,19
1752704426.152544,19
1752704426.260324,19
1752704426.368098,18
1752704426.485454,18
1752704426.612602,15
1752704426.719402,18
1752704426.826971,15
1752704426.933106,16
1752704427.041588,16
1752704427.148240,16
1752704427.256158,16
1752704427.363318,15
1752704427.469930,16
1752704427.578289,15
1752704427.685209,16
1752704427.792968,16
1752704427.901537,15
1752704428.011255,15
1752704428.121058,15
1752704428.229730,15
1752704428.346523,15
1752704428.454879,15
1752704428.562429,15
1752704428.670350,15
1752704428.778465,16
1752704428.887605,15
1752704428.994456,15
1752704429.102192,15
1752704429.212065,16
1752704429.317723,16
1752704429.426633,16
1752704429.533943,16
1752704429.645133,15
1752704429.752844,16
1752704429.859916,17
1752704429.966944,17
1752704430.075054,17
1752704430.181730,17
1752704430.289023,18
1752704430.395152,18
1752704430.501353,18
1752704430.608432,18
1752704430.718295,18
1752704430.825721,18
1752704430.932847,19
1752704431.039890,20
1752704431.149449,19
1752704431.256349,19
1752704431.362681,19
1752704431.470926,19
1752704431.576751,19
1752704431.689015,18
1752704431.796103,19
1752704431.905519,20
1752704432.012975,17
1752704432.120777,18
1752704432.227293,17
1752704432.333792,16
1752704432.444150,18
1752704432.551339,17
1752704432.658586,16
1752704432.765109,17
1752704432.873520,16
1752704432.980417,17
1752704433.089414,18
1752704433.196805,18
1752704433.305324,18
1752704433.412086,17
1752704433.522831,18
1752704433.632578,18
1752704433.741877,18
1752704433.853598,17
1752704433.960399,17
1752704434.067266,18
1752704434.173891,18
1752704434.282291,19
1752704434.391205,18
1752704434.499301,18
1752704434.606546,18
1752704434.713106,19
1752704434.822680,18
1752704434.929108,18
1752704435.043998,19
1752704435.152520,19
1752704435.262110,20
1752704435.395606,19
1752704435.504310,19
1752704435.612206,19
1752704435.721130,18
1752704435.828503,14
1752704435.936197,14
1752704436.043016,14
1752704436.150329,15
1752704436.260226,16
1752704436.369657,14
1752704436.477538,15
1752704436.592801,13
1752704436.703589,14
1752704436.810308,15
1752704436.918145,15
1752704437.027016,16
1752704437.139664,16
1752704437.249573,16
1752704437.356138,17
1752704437.462389,17
1752704437.573715,17
1752704437.680353,18
1752704437.789396,18
1752704437.896647,17
1752704438.005673,18
1752704438.121038,16
1752704438.235626,18
1752704438.342300,18
1752704438.449599,18
1752704438.557013,19
1752704438.664628,19
1752704438.779893,19
1752704438.887699,18
1752704438.995007,19
1752704439.108905,19
1752704439.217206,19
1752704439.323300,19
1752704439.439263,16
1752704439.545501,14
1752704439.656942,14
1752704439.764938,14
1752704439.875184,13
1752704439.982344,14
1752704440.088983,13
1752704440.194736,13
1752704440.301643,12
1752704440.409286,14
1752704440.519658,12
1752704440.627948,14
1752704440.748516,13
1752704440.856201,12
1752704440.969114,13
1752704441.076138,12
1752704441.183382,14
1752704441.290775,14
1752704441.401996,13
1752704441.509392,13
1752704441.617112,13
1752704441.723160,14
1752704441.837321,15
1752704441.944487,15
1752704442.052223,14
1752704442.158405,14
1752704442.264988,14
1752704442.371523,16
1752704442.477999,15
1752704442.585789,15
1752704442.692104,16
1752704442.801105,16
1752704442.907396,16
1752704443.014323,16
1752704443.120496,16
1752704443.244222,17
1752704443.351913,17
1752704443.458102,18
1752704443.564894,18
1752704443.671377,19
1752704443.778549,20
1752704443.885157,19
1752704443.991314,19
1752704444.101777,19
1752704444.208956,19
1752704444.316015,19
1752704444.422537,19
1752704444.532835,19
1752704444.639119,19
1752704444.746840,19
1752704444.853474,19
1752704444.959173,19
1752704445.066730,18
1752704445.173004,20
1752704445.281734,19
1752704445.387966,19
1752704445.495528,20
1752704445.606340,19
1752704445.713701,19
1752704445.820093,18
1752704445.926468,17
1752704446.040541,17
1752704446.148237,17
1752704446.254405,18
1752704446.362803,18
1752704446.469779,17
1752704446.579223,18
1752704446.688325,17
1752704446.802346,18
1752704446.908823,17
1752704447.020528,17
1752704447.130086,17
1752704447.237222,17
1752704447.344848,13
1752704447.452065,15
1752704447.564120,14
1752704447.670726,14
1752704447.778771,15
1752704447.886184,14
1752704447.995209,15
1752704448.104104,14
1752704448.214139,15
1752704448.321233,16
1752704448.427591,16
1752704448.534285,16
1752704448.647342,17
1752704448.754806,16
1752704448.863986,17
1752704448.971279,17
1752704449.080234,16
1752704449.186750,17
1752704449.294385,17
1752704449.401217,17
1752704449.508198,17
1752704449.615396,18
1752704449.722677,18
1752704449.834207,18
1752704449.942360,18
1752704450.052832,18
1752704450.170880,19
1752704450.281051,19
1752704450.388331,19
1752704450.498293,19
1752704450.604751,19
1752704450.712557,20
1752704450.820965,19
1752704450.934026,19
1752704451.042132,19
1752704451.150480,19
1752704451.256923,19
1752704451.366865,19
1752704451.475221,18
1752704451.583030,16
1752704451.689742,10
1752704451.797812,10
1752704451.904236,11
1752704452.013564,11
1752704452.131539,11
1752704452.237332,11
1752704452.345452,11
1752704452.451504,12
1752704452.560227,12
1752704452.667073,13
1752704452.774054,12
1752704452.883824,13
1752704452.995038,14
1752704453.102145,13
1752704453.210221,14
1752704453.317036,14
1752704453.429941,14
1752704453.536693,14
1752704453.643401,15
1752704453.750736,15
1752704453.858027,15
1752704453.965748,16
1752704454.072171,15
1752704454.181855,15
1752704454.289152,15
1752704454.401067,15
1752704454.509079,16
1752704454.616027,16
1752704454.723712,16
1752704454.831667,17
1752704454.938002,17
1752704455.045913,17
1752704455.153220,18
1752704455.260829,19
1752704455.366678,18
1752704455.473126,18
1752704455.581542,18
1752704455.689438,18
1752704455.802169,18
1752704455.910676,19
1752704456.017522,20
1752704456.129100,19
1752704456.235693,19
1752704456.342952,19
1752704456.449549,19
1752704456.558365,19
1752704456.665251,20
1752704456.773324,19
1752704456.879664,18
1752704456.985302,18
1752704457.093935,17
1752704457.200548,16
1752704457.308573,14
1752704457.415185,9
1752704457.524390,10
1752704457.643013,10
1752704457.749311,10
1752704457.859921,11
1752704457.966306,12
1752704458.081648,12
1752704458.191467,12
1752704458.297931,12
1752704458.405760,12
1752704458.516453,13
1752704458.628773,13
1752704458.736128,13
1752704458.947054,13
1752704459.065509,14
1752704459.280535,14
1752704459.529749,15
1752704459.757977,15
1752704459.881855,15
1752704460.001391,15
1752704460.109985,16
1752704460.279173,16
1752704460.396699,16
1752704460.507007,16
1752704460.614660,17
1752704460.723917,17
1752704460.831205,17
1752704460.938139,17
1752704461.044881,17
1752704461.150629,19
1752704461.261180,18
1752704461.367675,18
1752704461.493067,17
1752704461.657163,18
1752704461.777650,19
1752704461.906681,19
1752704462.014638,19
1752704462.124042,19
1752704462.230720,20
1752704462.338028,19
1752704462.446123,19
1752704462.557283,18
1752704462.664632,19
1752704462.773571,19
1752704462.881835,19
1752704462.995207,17
1752704463.104323,18
1752704463.228299,10
1752704463.338600,11
1752704463.464095,10
1752704463.586724,10
1752704463.705744,11
1752704463.825211,10
1752704463.933287,11
1752704464.040796,11
1752704464.147581,13
1752704464.261832,13
1752704464.368517,13
1752704464.475096,12
1752704464.581226,13
1752704464.697959,13
1752704464.807866,14
1752704464.915338,15
1752704465.027941,15
1752704465.138118,14
1752704465.245104,16
1752704465.354878,15
1752704465.463131,15
1752704465.570672,15
1752704465.676937,15
1752704465.788878,16
1752704465.897390,16
1752704466.005327,17
1752704466.111789,16
1752704466.222524,16
1752704466.329649,17
1752704466.437804,17
1752704466.544358,16
1752704466.654333,18
1752704466.762908,18
1752704466.870255,18
1752704466.977249,18
1752704467.086118,17
1752704467.194161,18
1752704467.300946,18
1752704467.408180,18
1752704467.513991,19
1752704467.624165,19
1752704467.731909,19
1752704467.840169,19
1752704467.947300,19
1752704468.057004,20
1752704468.172797,18
1752704468.279028,18
1752704468.389328,18
1752704468.510009,18
1752704468.620053,17
1752704468.727038,9
1752704468.834057,10
1752704468.940978,10
1752704469.047281,11
1752704469.161690,10
1752704469.269485,11
1752704469.377199,12
1752704469.484704,12
1752704469.599759,11
1752704469.706616,13
1752704469.813256,12
1752704469.921105,12
1752704470.027974,14
1752704470.145170,13
1752704470.257743,13
1752704470.366537,14
1752704470.476974,14
1752704470.585503,13
1752704470.694436,14
1752704470.801645,15
1752704470.908709,15
1752704471.018160,15
1752704471.124721,15
1752704471.232506,15
1752704471.339121,15
1752704471.445365,16
1752704471.552045,17
1752704471.658272,16
1752704471.766082,16
1752704471.873346,17
1752704471.979923,18
1752704472.090409,17
1752704472.200107,17
1752704472.306958,17
1752704472.414847,18
1752704472.522100,18
1752704472.628697,18
1752704472.736667,18
1752704472.843951,19
1752704472.953289,19
1752704473.067339,19
1752704473.174793,20
1752704473.282684,18
1752704473.390101,19
1752704473.498324,19
1752704473.605571,19
1752704473.713957,19
1752704473.820010,19
1752704473.925666,19
1752704474.032889,20
1752704474.138559,19
1752704474.245684,19
1752704474.353455,17
1752704474.461088,17
1752704474.569225,11
1752704474.676389,10
1752704474.786384,10
1752704474.894250,10
1752704475.001325,11
1752704475.107941,12
1752704475.214379,11
1752704475.321333,11
1752704475.427962,12
1752704475.535805,13
1752704475.641706,13
1752704475.751984,13
1752704475.866164,13
1752704475.973211,13
1752704476.081647,13
1752704476.187880,14
1752704476.294473,14
1752704476.402612,14
1752704476.509831,15
1752704476.620988,15
1752704476.736778,15
1752704476.843892,16
1752704476.956054,16
1752704477.065464,16
1752704477.172951,17
1752704477.282433,16
1752704477.389544,16
1752704477.499396,16
1752704477.606914,17
1752704477.718318,17
1752704477.825065,17
1752704477.932987,18
1752704478.056607,18
1752704478.165450,18
1752704478.272518,18
1752704478.386568,17
1752704478.492808,18
1752704478.600816,18
1752704478.708843,19
1752704478.819833,19
1752704478.925796,19
1752704479.040533,20
1752704479.151582,19
1752704479.262977,19
1752704479.369770,20
1752704479.476312,19
1752704479.586585,19
1752704479.696240,18
1752704479.804349,19
1752704479.916233,19
1752704480.023263,18
1752704480.131948,17
1752704480.239886,14
1752704480.346955,10
1752704480.453090,10
1752704480.560060,10
1752704480.667897,11
1752704480.773796,11
1752704480.889988,11
1752704480.998533,12
1752704481.104715,12
1752704481.211074,12
1752704481.318673,12
1752704481.425440,13
1752704481.532429,12
1752704481.638637,13
1752704481.746588,13
1752704481.852998,14
1752704481.960625,14
1752704482.066347,14
1752704482.172341,14
1752704482.286278,14
1752704482.394200,15
1752704482.502372,16
1752704482.613088,14
1752704482.719439,15
1752704482.826160,16
1752704482.933036,17
1752704483.039110,16
1752704483.150145,17
1752704483.258108,16
1752704483.365483,17
1752704483.472153,17
1752704483.582291,17
1752704483.688534,18
1752704483.796638,19
1752704483.903036,18
1752704484.016897,18
1752704484.124965,18
1752704484.234708,18
1752704484.346594,18
1752704484.453548,18
1752704484.562272,19
1752704484.681255,19
1752704484.787457,19
1752704484.894714,19
1752704485.001978,19
1752704485.109219,19
1752704485.216131,20
1752704485.322575,19
1752704485.430981,19
1752704485.538212,19
1752704485.646034,19
1752704485.753016,19
1752704485.862175,17
1752704485.969388,18
1752704486.080807,12
1752704486.186793,10
1752704486.296055,11
1752704486.402807,11
1752704486.516652,12
1752704486.622732,11
1752704486.730799,11
1752704486.837719,12
1752704486.952932,13
1752704487.060568,12
1752704487.167699,13
1752704487.278726,14
1752704487.385374,14
1752704487.492214,14
1752704487.599298,14
1752704487.706230,14
1752704487.817239,14
1752704487.925389,15
1752704488.031415,15
1752704488.138107,15
1752704488.261398,15
1752704488.367296,15
1752704488.478213,16
1752704488.585631,15
1752704488.694634,16
1752704488.801582,17
1752704488.912540,16
1752704489.018397,17
1752704489.127719,17
1752704489.235354,17
1752704489.345679,19
1752704489.452633,17
1752704489.562933,18
1752704489.669940,18
1752704489.778960,17
1752704489.884955,18
1752704489.993976,18
1752704490.110478,19
1752704490.217653,20
1752704490.327876,18
1752704490.434991,20
1752704490.542606,18
1752704490.649859,19
1752704490.757992,19
1752704490.865241,19
1752704490.975016,19
1752704491.082083,20
1752704491.194078,19
1752704491.301932,19
1752704491.409605,17
1752704491.527916,16
1752704491.669086,12
1752704491.781434,10
1752704491.888580,10
1752704491.997371,10
1752704492.111975,11
1752704492.218540,12
1752704492.326572,11
1752704492.464315,12
1752704492.577322,14
1752704492.685999,13
1752704492.793931,19
1752704492.901280,19
1752704493.010273,19
1752704493.116718,19
1752704493.225460,20
1752704493.332753,19
1752704493.441592,19
1752704493.548391,20
1752704493.655922,19
1752704493.764195,17
1752704493.874236,18
1752704493.993106,18
1752704494.099801,17
1752704494.208038,16
1752704494.325570,16
1752704494.431924,18
1752704494.545573,18
1752704494.651547,18
1752704494.761203,19
1752704494.867542,18
1752704494.975563,18
1752704495.081517,18
1752704495.189280,18
1752704495.297342,19
1752704495.406109,19
1752704495.514193,19
1752704495.621324,18
1752704495.728113,20
1752704495.833849,19
1752704495.944670,19
1752704496.051176,19
1752704496.158033,19
1752704496.266472,19
1752704496.376404,18
1752704496.482204,16
1752704496.589786,17
1752704496.696789,18
1752704496.807965,19
1752704496.914669,15
1752704497.022510,17
1752704497.129297,17
1752704497.237512,17
1752704497.346835,17
1752704497.453151,18
1752704497.561664,18
1752704497.673177,18
1752704497.780880,18
1752704497.890343,18
1752704497.997494,19
1752704498.107136,18
1752704498.214584,16
1752704498.322642,12
1752704498.429767,11
1752704498.538697,10
1752704498.657646,10
1752704498.765350,11
1752704498.873206,10
1752704498.981892,10
1752704499.089285,10
1752704499.197088,11
1752704499.304045,11
1752704499.414582,12
1752704499.522482,12
1752704499.629372,13
1752704499.740324,12
1752704499.846263,13
1752704499.955344,13
1752704500.081796,13
1752704500.196081,14
1752704500.312303,14
1752704500.420144,13
1752704500.526818,15
1752704500.636711,14
1752704500.744030,15
1752704500.850566,14
1752704500.957432,15
1752704501.063537,15
1752704501.172650,15
1752704501.292969,16
1752704501.400040,16
1752704501.508475,15
1752704501.618256,16
1752704501.724310,16
1752704501.831090,18
1752704501.938374,17
1752704502.048729,17
1752704502.155745,16
1752704502.263412,17
1752704502.370071,18
1752704502.476349,19
1752704502.582617,18
1752704502.689113,18
1752704502.794948,18
1752704502.903216,17
1752704503.010086,19
1752704503.116993,19
1752704503.224519,19
1752704503.330670,19
1752704503.437340,20
1752704503.543123,19
1752704503.649618,19
1752704503.756112,19
1752704503.862822,19
1752704503.973616,19
1752704504.079439,19
1752704504.187164,18
1752704504.294374,18
1752704504.404291,17
1752704504.510690,18
1752704504.618309,18
1752704504.724717,16
1752704504.835106,17
1752704504.943731,16
1752704505.050312,17
1752704505.157197,17
1752704505.265566,17
1752704505.376249,18
1752704505.483623,17
1752704505.590434,17
1752704505.703426,18
1752704505.809873,16
1752704505.917452,17
1752704506.024729,16
1752704506.132005,16
1752704506.241425,15
1752704506.348921,16
1752704506.456446,18
1752704506.563169,17
1752704506.670181,17
1752704506.776280,17
1752704506.883160,17
1752704506.990721,17
1752704507.102998,17
1752704507.209028,17
1752704507.316781,16
1752704507.423144,18
1752704507.530731,19
1752704507.639180,18
1752704507.746337,18
1752704507.855452,19
1752704507.961467,18
1752704508.068994,18
1752704508.175188,18
1752704508.282297,18
1752704508.390264,18
1752704508.500695,18
1752704508.607497,19
1752704508.715074,19
1752704508.821480,19
1752704508.939746,19
1752704509.047132,19
1752704509.153415,19
1752704509.259931,20
1752704509.367946,19
1752704509.482060,19
1752704509.589024,20
1752704509.700486,19
1752704509.806449,19
1752704509.913347,18
1752704510.019562,18
1752704510.125742,17
1752704510.236123,17
1752704510.343184,16
1752704510.450572,16
1752704510.557262,18
1752704510.667283,16
1752704510.773776,17
1752704510.881443,17
1752704510.988630,18
1752704511.095795,17
1752704511.202678,19
1752704511.316306,18
1752704511.422946,20
1752704511.533142,18
1752704511.640338,20
1752704511.747070,19
1752704511.853227,19
1752704511.959941,17
1752704512.070939,14
1752704512.178464,12
1752704512.286044,13
1752704512.392909,14
1752704512.502607,12
1752704512.609105,12
1752704512.716259,14
1752704512.823347,14
1752704512.930185,14
1752704513.036738,15
1752704513.142528,15
1752704513.250376,15
1752704513.357611,15
1752704513.467352,15
1752704513.573564,14
1752704513.681299,14
1752704513.787622,14
1752704513.908735,14
1752704514.016818,16
1752704514.124403,15
1752704514.233523,15
1752704514.340714,15
1752704514.447096,15
1752704514.553090,15
1752704514.660711,15
1752704514.770097,15
1752704514.876500,15
1752704514.983326,15
1752704515.089235,17
1752704515.201507,16
1752704515.307762,16
1752704515.415582,15
1752704515.521349,16
1752704515.631738,16
1752704515.737971,16
1752704515.845447,17
1752704515.952057,18
1752704516.078951,17
1752704516.185664,18
1752704516.291384,18
1752704516.397850,18
1752704516.503546,18
1752704516.609998,17
1752704516.717116,18
1752704516.826382,19
1752704516.932725,18
1752704517.038497,18
1752704517.146707,18
1752704517.253280,18
1752704517.361247,19
1752704517.467117,19
1752704517.573087,19
1752704517.680742,19
1752704517.786982,20
1752704517.895586,19
1752704518.001688,19
1752704518.108612,20
1752704518.216282,19
1752704518.322386,19
1752704518.430226,19
1752704518.537729,20
1752704518.645544,14
1752704518.752193,8
1752704518.862664,9
1752704518.969579,8
1752704519.076869,7
1752704519.184566,7
1752704519.294336,8
1752704519.400913,9
1752704519.506880,10
1752704519.614674,9
1752704519.721134,9
1752704519.828719,9
1752704519.936155,10
1752704520.043003,10
1752704520.150026,10
1752704520.257049,11
1752704520.364943,10
1752704520.472581,11
1752704520.579966,11
1752704520.686507,11
1752704520.793939,11
1752704520.900709,12
1752704521.009641,12
1752704521.116347,12
1752704521.223639,12
1752704521.330213,14
1752704521.437759,13
1752704521.545969,13
1752704521.652869,13
1752704521.770123,14
1752704521.878706,14
1752704521.984961,15
1752704522.105472,14
1752704522.212585,15
1752704522.318727,15
1752704522.436501,17
1752704522.543655,16
1752704522.649293,16
1752704522.760491,17
1752704522.868097,17
1752704522.975308,18
1752704523.083181,17
1752704523.192164,18
1752704523.300478,18
1752704523.409101,18
1752704523.516330,18
1752704523.623132,18
1752704523.730617,18
1752704523.836979,20
1752704523.944225,20
1752704524.051106,18
1752704524.160103,19
1752704524.268539,19
1752704524.377283,19
1752704524.484473,19
1752704524.592765,19
1752704524.700104,19
1752704524.808914,18
1752704524.915307,18
1752704525.022548,18
1752704525.129093,16
1752704525.235278,9
1752704525.344375,8
1752704525.450410,9
1752704525.557843,10
1752704525.664150,10
1752704525.770299,9
1752704525.877899,10
1752704525.984485,10
1752704526.092246,11
1752704526.198697,11
1752704526.306391,12
1752704526.412914,12
1752704526.521721,12
1752704526.631031,12
1752704526.738360,12
1752704526.845531,12
1752704526.952989,13
1752704527.061089,12
1752704527.167443,12
1752704527.274772,12
1752704527.382296,13
1752704527.490594,12
1752704527.606850,13
1752704527.713789,14
1752704527.823360,14
1752704527.929251,13
1752704528.035644,13
1752704528.142698,15
1752704528.249128,15
1752704528.359530,15
1752704528.465384,15
1752704528.573249,16
1752704528.680619,16
1752704528.787312,17
1752704528.893757,18
1752704529.000856,16
1752704529.108947,17
1752704529.216117,18
1752704529.326556,18
1752704529.433899,18
1752704529.542076,18
1752704529.648073,18
1752704529.757034,18
1752704529.863456,19
1752704529.970694,18
1752704530.077652,19
1752704530.184126,19
1752704530.293554,19
1752704530.403670,19
1752704530.511744,18
1752704530.618256,19
1752704530.725838,17
1752704530.832059,16
1752704530.939314,14
1752704531.059074,10
1752704531.167073,7
1752704531.276934,8
1752704531.384299,8
1752704531.495672,9
1752704531.604509,8
1752704531.712074,8
1752704531.822740,8
1752704531.930279,8
1752704532.038146,8
1752704532.146347,8
1752704532.255840,9
1752704532.362646,10
1752704532.469599,10
1752704532.576813,10
1752704532.691173,10
1752704532.796837,11
1752704532.903819,11
1752704533.010946,11
1752704533.116770,11
1752704533.229488,13
1752704533.336785,12
1752704533.442943,12
1752704533.548816,12
1752704533.660747,13
1752704533.767320,13
1752704533.884434,13
1752704533.993046,13
1752704534.098849,14
1752704534.205487,14
1752704534.311533,14
1752704534.421855,15
1752704534.529002,14
1752704534.636471,15
1752704534.742472,15
1752704534.861268,15
1752704534.969052,15
1752704535.075107,16
1752704535.181069,16
1752704535.289980,17
1752704535.410005,16
1752704535.516590,16
1752704535.623346,17
1752704535.729447,17
1752704535.837003,17
1752704535.943505,17
1752704536.050242,17
1752704536.157928,18
1752704536.267126,18
1752704536.374023,18
1752704536.479905,18
1752704536.588290,19
1752704536.694255,20
1752704536.802619,19
1752704536.910295,18
1752704537.021286,18
1752704537.128304,19
1752704537.274408,19
1752704537.381264,19
1752704537.492652,18
1752704537.600229,17
1752704537.708138,17
1752704537.814952,18
1752704537.921885,17
1752704538.028322,17
1752704538.135585,18
1752704538.242215,17
1752704538.352463,18
1752704538.459432,17
1752704538.567943,18
1752704538.674683,17
1752704538.793628,18
1752704538.902325,17
1752704539.009197,18
1752704539.117646,18
1752704539.228149,19
1752704539.335420,18
1752704539.441727,18
1752704539.553136,18
1752704539.659157,18
1752704539.772713,17
1752704539.878799,18
1752704539.989362,18
1752704540.095321,18
1752704540.202345,20
1752704540.308619,17
1752704540.420535,17
1752704540.526895,18
1752704540.635269,16
1752704540.741010,13
1752704540.851550,8
1752704540.957492,8
1752704541.063998,9
1752704541.172340,9
1752704541.278884,9
1752704541.388518,9
1752704541.495266,10
1752704541.602201,10
1752704541.708607,11
1752704541.815464,10
1752704541.921309,11
1752704542.028206,11
1752704542.136122,12
1752704542.257104,11
1752704542.367475,12
1752704542.473342,12
1752704542.583522,14
1752704542.689209,12
1752704542.796608,13
1752704542.905250,13
1752704543.011299,14
1752704543.121068,15
1752704543.228108,14
1752704543.334911,14
1752704543.441095,14
1752704543.552555,15
1752704543.658681,15
1752704543.766482,16
1752704543.873028,15
1752704543.994192,16
1752704544.104661,16
1752704544.217165,16
1752704544.326991,16
1752704544.437622,16
1752704544.543932,17
1752704544.653892,17
1752704544.760458,16
1752704544.866858,17
1752704544.974898,18
1752704545.084935,18
1752704545.192686,19
1752704545.300821,17
1752704545.409967,19
1752704545.521742,18
1752704545.629846,18
1752704545.739194,19
1752704545.845772,19
1752704545.957266,19
1752704546.066273,19
1752704546.174140,19
1752704546.288615,19
1752704546.420843,18
1752704546.532520,18
1752704546.647955,18
1752704546.765008,14
1752704546.870838,10
1752704546.980764,10
1752704547.107455,10
1752704547.218728,10
1752704547.327366,10
1752704547.437636,11
1752704547.548602,11
1752704547.660529,12
1752704547.767319,11
1752704547.874226,12
1752704547.983329,12
1752704548.089194,13
1752704548.201432,13
1752704548.308345,12
1752704548.418532,13
1752704548.526338,13
1752704548.635514,14
1752704548.742694,15
1752704548.853687,14
1752704548.960893,16
1752704549.067908,15
1752704549.174177,15
1752704549.283324,15
1752704549.389712,15
1752704549.498538,15
1752704549.605682,16
1752704549.721604,16
1752704549.829007,16
1752704549.936095,16
1752704550.044081,17
1752704550.151349,18
1752704550.257416,17
1752704550.365592,17
1752704550.472086,17
1752704550.581587,18
1752704550.687933,18
1752704550.796897,18
1752704550.904360,18
1752704551.012047,18
1752704551.119267,18
1752704551.227059,19
1752704551.333996,19
1752704551.440301,18
1752704551.549157,19
1752704551.660038,19
1752704551.769834,19
1752704551.887296,20
1752704552.018382,19
1752704552.125140,19
1752704552.232025,19
1752704552.337725,19
1752704552.448258,18
1752704552.555874,16
1752704552.664298,15
1752704552.770430,9
1752704552.878586,9
1752704552.985276,10
1752704553.092880,10
1752704553.202286,11
1752704553.308922,11
1752704553.415955,11
1752704553.522421,11
1752704553.639585,11
1752704553.747435,12
1752704553.854781,12
1752704553.965587,12
1752704554.082625,13
1752704554.194221,14
1752704554.314333,13
1752704554.429627,14
1752704554.537648,14
1752704554.646771,14
1752704554.753325,14
1752704554.861900,14
1752704554.969840,15
1752704555.077202,15
1752704555.186005,15
1752704555.294362,16
1752704555.401193,16
1752704555.508487,15
1752704555.616270,15
1752704555.723037,17
1752704555.830481,16
1752704555.936372,17
1752704556.044668,17
1752704556.152382,16
1752704556.269452,17
1752704556.376978,17
1752704556.483686,16
1752704556.591497,18
1752704556.701482,18
1752704556.809859,18
1752704556.917801,19
1752704557.026068,18
1752704557.134128,19
1752704557.241907,19
1752704557.349631,19
1752704557.457379,19
1752704557.564737,20
1752704557.682745,19
1752704557.793154,19
1752704557.901222,19
1752704558.017379,19
1752704558.132584,19
1752704558.251322,18
1752704558.361563,18
1752704558.472954,16
1752704558.581578,16
1752704558.690006,9
1752704558.799984,10
1752704558.910492,10
1752704559.019034,10
1752704559.130205,11
1752704559.249648,11
1752704559.360602,12
1752704559.472569,12
1752704559.581352,11
1752704559.689832,12
1752704559.801380,12
1752704559.912547,13
1752704560.021259,13
1752704560.128646,13
1752704560.236110,14
1752704560.343938,14
1752704560.452553,14
1752704560.560787,14
1752704560.669333,14
1752704560.778573,16
1752704560.886699,15
1752704560.994777,16
1752704561.106053,13
1752704561.213066,16
1752704561.320587,16
1752704561.428218,16
1752704561.544023,16
1752704561.653986,16
1752704561.761130,16
1752704561.867910,18
1752704561.978099,17
1752704562.084886,17
1752704562.192883,17
1752704562.299150,17
1752704562.408025,18
1752704562.514431,19
1752704562.622597,18
1752704562.744813,18
1752704562.852678,18
1752704562.961173,18
1752704563.068671,19
1752704563.189792,19
1752704563.395607,20
1752704563.505090,19
1752704563.613113,19
1752704563.722646,19
1752704563.833275,19
1752704563.942811,19
1752704564.051857,19
1752704564.161152,19
1752704564.269122,19
1752704564.383582,12
1752704564.495914,10
1752704564.605615,11
1752704564.713766,10
1752704564.836767,10
1752704565.009053,10
1752704565.133920,11
1752704565.243952,11
1752704565.351327,11
1752704565.460753,12
1752704565.568741,12
1752704565.678005,12
1752704565.787809,13
1752704565.896947,13
1752704566.011655,15
1752704566.122033,15
1752704566.233302,13
1752704566.340822,14
1752704566.447636,14
1752704566.555274,15
1752704566.668739,15
1752704566.777975,14
1752704566.887099,15
1752704566.996208,15
1752704567.105438,15
1752704567.213343,16
1752704567.323630,16
1752704567.429760,16
1752704567.543751,15
1752704567.659271,16
1752704567.767044,18
1752704567.879069,15
1752704568.002651,17
1752704568.121996,17
1752704568.231093,18
1752704568.344984,19
1752704568.452351,18
1752704568.561293,18
1752704568.667773,18
1752704568.789200,18
1752704568.910958,19
1752704569.027522,19
1752704569.145099,19
1752704569.256128,19
1752704569.442780,19
1752704569.550332,20
1752704569.656905,19
1752704569.836731,19
1752704570.049108,19
1752704570.194207,17
1752704570.316073,11
1752704570.426116,10
1752704570.545521,10
1752704570.652762,11
1752704570.767443,11
1752704570.877569,11
1752704570.986359,12
1752704571.095638,12
1752704571.203592,13
1752704571.310439,13
1752704571.421164,14
1752704571.528312,12
1752704571.635594,14
1752704571.742018,14
1752704571.851237,13
1752704571.959128,14
1752704572.073231,14
1752704572.182368,14
1752704572.295904,14
1752704572.405647,15
1752704572.513426,15
1752704572.621284,15
1752704572.729111,16
1752704572.842822,16
1752704572.952049,16
1752704573.060081,17
1752704573.168033,16
1752704573.274611,17
1752704573.384231,17
1752704573.491830,16
1752704573.601075,17
1752704573.710733,17
1752704573.820579,17
1752704573.926786,18
1752704574.035393,18
1752704574.144383,18
1752704574.254951,19
1752704574.362470,19
1752704574.472256,18
1752704574.585897,18
1752704574.695980,18
1752704574.803354,19
1752704574.913271,19
1752704575.021800,18
1752704575.132890,19
1752704575.242846,19
1752704575.354939,20
1752704575.465095,19
1752704575.573366,19
1752704575.685924,19
1752704575.833878,19
1752704575.955855,14
1752704576.343270,5
1752704576.460099,5
1752704576.572423,5
1752704576.688614,5
1752704576.799190,6
1752704576.908309,7
1752704577.025231,7
1752704577.142795,7
1752704577.258759,8
1752704577.370532,9
1752704577.479775,9
1752704577.586653,10
1752704577.717972,10
1752704577.826334,10
1752704577.939868,11
1752704578.061089,10
1752704578.172984,10
1752704578.285221,11
1752704578.397407,11
1752704578.505013,12
1752704578.620373,13
1752704578.734879,12
1752704578.841958,12
1752704578.950125,14
1752704579.065711,13
1752704579.173581,13
1752704579.289554,14
1752704579.398971,14
1752704579.509098,14
1752704579.617401,14
1752704579.732477,14
1752704579.842294,14
1752704579.956780,15
1752704580.064916,15
1752704580.173851,14
1752704580.282221,15
1752704580.392175,16
1752704580.502761,16
1752704580.610724,16
1752704580.720302,17
1752704580.830468,17
1752704580.938337,17
1752704581.045649,17
1752704581.208675,17
1752704581.318696,17
1752704581.426752,18
1752704581.535704,19
1752704581.644751,18
1752704581.752574,18
1752704581.864305,18
1752704581.971512,19
1752704582.079965,19
1752704582.189919,19
1752704582.298963,18
1752704582.407591,19
1752704582.515142,19
1752704582.622325,19
1752704582.729912,19
1752704582.836942,18
1752704582.945173,19
1752704583.064312,19
1752704583.174786,19
1752704583.282454,19
1752704583.389622,17
1752704583.496476,15
1752704583.605763,12
1752704583.713829,15
1752704583.824699,13
1752704583.932436,14
1752704584.040293,20
1752704584.151223,18
1752704584.289092,19
1752704584.402183,19
1752704584.512208,19
1752704584.618530,19
1752704584.728093,18
1752704584.837315,20
1752704584.949327,19
1752704585.059006,18
1752704585.176198,17
1752704585.294196,16
1752704585.404835,20
1752704585.531420,17
1752704585.644699,14
1752704585.752173,12
1752704585.860083,15
1752704585.969966,16
1752704586.087265,17
1752704586.196909,17
1752704586.304281,20
1752704586.411283,19
1752704586.519064,17
1752704586.632806,17
1752704586.741360,17
1752704586.851201,18
1752704586.958929,17
1752704587.066492,19
1752704587.173648,19
1752704587.280697,19
1752704587.388197,19
1752704587.499175,17
1752704587.608056,19
1752704587.714446,19
1752704587.823150,17
1752704587.929150,18
1752704588.036075,19
1752704588.144005,19
1752704588.250438,19
1752704588.357168,19
1752704588.464628,17
1752704588.572453,17
1752704588.680512,15
1752704588.788034,15
1752704588.898555,16
1752704589.005895,17
1752704589.113491,19
1752704589.220585,20
1752704589.329427,15
1752704589.438283,15
1752704589.545589,14
1752704589.654960,15
1752704589.764769,15
1752704589.871242,17
1752704589.979174,18
1752704590.087591,19
1752704590.196900,19
1752704590.308957,17
1752704590.516066,16
1752704590.625133,14
1752704590.733071,15
1752704590.840004,16
1752704590.954041,18
1752704591.064586,20
1752704591.172737,19
1752704591.280261,16
1752704591.386904,15
1752704591.494883,18
1752704591.602268,17
1752704591.710068,15
1752704591.817849,16
1752704591.939248,20
1752704592.057586,19
1752704592.230324,17
1752704592.339891,15
1752704592.451412,17
1752704592.558837,15
1752704592.665903,18
1752704592.774328,17
1752704592.887581,19
1752704592.994907,20
1752704593.102327,20
1752704593.212106,15
1752704593.319476,16
1752704593.432036,16
1752704593.540580,15
1752704593.652073,16
1752704593.758823,15
1752704593.872544,9
1752704593.979687,3
1752704594.091057,2
1752704594.199717,1
1752704594.306220,4
1752704594.416090,6
1752704594.530074,7
1752704594.637261,10
1752704594.745070,10
1752704594.852364,10
1752704594.959003,10
1752704595.066207,10
1752704595.172545,11
1752704595.280054,10
1752704595.386785,11
1752704595.494476,11
1752704595.600929,11
1752704595.709864,9
1752704595.821239,8
1752704595.960732,7
1752704596.190429,8
1752704596.314327,7
1752704596.433895,8
1752704596.608360,8
1752704596.724232,8
1752704596.831033,9
1752704596.951144,9
1752704597.136438,9
1752704597.246508,10
1752704597.363700,9
1752704597.473141,10
1752704597.621886,9
1752704597.857496,9
1752704597.971289,8
1752704598.117902,9
1752704598.227702,10
1752704598.334092,9
1752704598.446657,9
1752704598.558136,9
1752704598.668834,10
1752704598.777669,9
1752704598.886954,9
1752704598.994449,8
1752704599.106086,9
1752704599.214688,10
1752704599.322976,8
1752704599.430170,8
1752704599.539886,7
1752704599.647427,7
1752704599.759621,8
1752704599.866563,7
1752704599.989472,7
1752704600.098730,8
1752704600.206768,7
1752704600.339556,6
1752704600.447516,8
1752704600.556115,8
1752704600.664597,8
1752704600.773115,8
1752704600.886495,9
1752704600.994452,8
1752704601.107339,9
1752704601.225273,8
1752704601.332114,8
1752704601.439295,10
1752704601.546894,8
1752704601.658279,8
1752704601.764660,8
1752704601.872214,8
1752704601.981764,9
1752704602.089555,8
1752704602.197745,8
1752704602.306664,8
1752704602.419807,8
1752704602.526944,8
1752704602.636765,7
1752704602.750258,7
1752704602.858960,8
1752704602.967333,8
1752704603.074664,9
1752704603.197432,10
1752704603.307334,9
1752704603.417040,9
1752704603.524759,8
1752704603.633120,9
1752704603.741619,9
1752704603.849436,8
1752704603.956857,9
1752704604.067239,9
1752704604.174412,8
1752704604.283471,2
1752704604.397636,1
1752704604.505687,1
1752704604.613160,3
1752704604.720453,3
1752704604.846395,4
1752704604.955618,6
1752704605.062363,6
1752704605.178674,7
1752704605.285851,9
1752704605.396635,8
1752704605.510797,9
1752704605.626583,9
1752704605.772201,7
1752704605.880925,8
1752704605.998392,7
1752704606.107525,7
1752704606.214961,8
1752704606.322078,8
1752704606.432196,9
1752704606.540930,8
1752704606.652402,8
1752704606.760963,8
1752704606.868042,8
1752704606.975667,8
1752704607.084557,7
1752704607.198967,9
1752704607.310159,8
1752704607.419253,8
1752704607.527012,7
1752704607.636373,7
1752704607.743896,8
1752704607.851143,7
1752704607.962435,8
1752704608.079471,6
1752704608.192804,8
1752704608.316850,8
1752704608.426626,7
1752704608.537395,6
1752704608.645532,8
1752704608.751966,7
1752704608.858335,6
1752704608.966097,7
1752704609.073418,8
1752704609.182166,7
1752704609.295108,7
1752704609.420188,7
1752704609.528016,8
1752704609.635005,7
1752704609.752858,8
1752704609.859791,8
1752704609.966720,9
1752704610.073857,8
1752704610.182802,7
1752704610.293434,7
1752704610.404944,7
1752704610.512593,9
1752704610.621383,9
1752704610.993436,5
1752704611.103915,7
1752704611.212492,8
1752704611.319395,7
1752704611.429313,8
1752704611.537115,8
1752704611.644057,10
1752704611.750810,10
1752704611.857777,9
1752704611.964698,10
1752704612.072027,10
1752704612.178739,10
1752704612.441122,9
1752704612.550261,11
1752704612.656911,11
1752704612.764269,10
1752704612.871477,8
1752704612.978496,8
1752704613.086008,8
1752704613.193576,8
1752704613.302943,9
1752704613.409283,8
1752704613.515894,8
1752704613.630034,6
1752704613.750803,7
1752704613.861044,6
1752704613.968679,6
1752704614.085376,8
1752704614.196098,7
1752704614.305934,7
1752704614.416165,7
1752704614.522707,7
1752704614.631248,1
1752704614.740818,2
1752704614.849790,1
1752704614.982503,2
1752704615.092329,5
1752704615.203115,6
1752704615.313276,8
1752704615.421302,9
1752704615.529624,10
1752704615.638679,8
1752704615.748741,8
1752704615.856248,9
1752704615.963149,8
1752704616.070036,8
1752704616.185572,8
1752704616.292871,8
1752704616.401047,8
1752704616.511760,8
1752704616.623343,7
1752704616.730992,8
1752704616.838314,9
1752704616.946964,8
1752704617.078586,7
1752704617.186961,8
1752704617.293785,7
1752704617.400263,7
1752704617.531421,8
1752704617.645584,9
1752704617.752949,9
1752704617.860672,8
1752704617.969870,8
1752704618.080556,8
1752704618.190962,8
1752704618.318666,8
1752704618.433847,8
1752704618.543983,8
1752704618.650947,8
1752704618.770210,9
1752704618.877954,9
1752704618.991505,9
1752704619.102739,9
1752704619.214545,8
1752704619.332061,7
1752704619.439217,9
1752704619.547099,9
1752704619.654236,8
1752704619.761952,9
1752704619.870781,7
1752704619.981467,8
1752704620.089585,7
1752704620.197723,8
1752704620.311893,7
1752704620.420937,7
1752704620.533621,8
1752704620.641846,8
1752704620.761839,7
1752704620.876287,7
1752704620.993592,8
1752704621.101772,8
1752704621.222746,8
1752704621.329872,8
1752704621.437150,8
1752704621.548074,7
1752704621.655967,9
1752704621.777369,9
1752704621.884428,9
1752704621.991537,9
1752704622.100927,8
1752704622.207994,8
1752704622.327525,7
1752704622.441246,8
1752704622.548972,9
1752704622.662199,7
1752704622.769955,8
1752704622.881971,7
1752704623.001077,8
1752704623.110437,9
1752704623.234163,8
1752704623.343498,7
1752704623.450261,7
1752704623.557744,8
1752704623.667382,8
1752704623.773882,8
1752704623.889544,9
1752704624.004550,9
1752704624.114254,9
1752704624.221727,9
1752704624.340428,9
1752704624.459435,8
1752704624.568511,9
1752704624.678184,8
1752704624.786549,8
1752704624.894277,3
1752704625.001273,1
1752704625.110927,1
1752704625.218418,2
1752704625.336180,2
1752704625.458983,3
1752704625.566638,6
1752704625.676523,5
1752704625.785414,6
1752704625.902254,5
1752704626.019430,6
1752704626.140815,8
1752704626.248170,8
1752704626.354433,8
1752704626.461484,8
1752704626.568164,8
1752704626.674726,8
1752704626.792418,9
1752704626.899960,7
1752704627.007334,8
1752704627.114448,8
1752704627.222212,7
1752704627.347411,9
1752704627.472498,8
1752704627.585181,8
1752704627.693966,8
1752704627.809879,9
1752704627.918800,8
1752704628.028640,7
1752704628.137224,8
1752704628.244628,8
1752704628.355714,9
1752704628.469239,8
1752704628.578754,9
1752704628.688651,8
1752704628.804159,8
1752704628.914722,8
1752704629.049983,7
1752704629.171750,7
1752704629.303377,8
1752704629.418669,9
1752704629.532670,8
1752704629.640766,7
1752704629.749363,8
1752704629.857286,9
1752704629.989547,9
1752704630.098837,8
1752704630.206604,6
1752704630.314953,7
1752704630.422800,8
1752704630.530611,7
1752704630.637397,8
1752704630.756633,9
1752704630.913995,8
1752704631.103145,7
1752704631.221158,7
1752704631.340739,9
1752704631.550159,9
1752704631.670943,10
1752704631.813113,8
1752704631.951318,10
1752704632.064576,8
1752704632.236451,9
1752704632.353564,9
1752704632.538318,9
1752704632.760530,8
1752704632.878366,7
1752704633.032955,9
1752704633.213572,8
1752704633.322420,8
1752704633.429483,8
1752704633.585651,7
1752704633.851961,7
1752704634.006721,8
1752704634.114334,9
1752704634.224427,10
1752704634.361642,11
1752704634.477099,10
1752704634.591161,9
1752704634.703455,10
1752704634.811733,7
1752704634.921930,8
1752704635.043621,9
1752704635.161524,8
1752704635.274244,1
1752704635.384998,1
1752704635.508636,2
1752704635.625993,6
1752704635.743516,4
1752704635.856181,5
1752704635.966420,5
1752704636.078437,6
1752704636.189812,9
1752704636.319293,7
1752704636.436958,6
1752704636.548462,7
1752704636.662560,7
1752704636.780056,7
1752704636.886958,7
1752704636.996134,9
1752704637.104070,9
1752704637.210838,8
1752704637.318420,9
1752704637.425056,8
1752704637.533858,9
1752704637.641496,8
1752704637.750898,8
1752704637.861321,8
1752704637.969322,8
1752704638.077521,8
1752704638.185327,9
1752704638.356561,9
1752704638.585077,7
1752704638.793525,7
1752704638.911937,8
1752704639.043234,8
1752704639.169052,8
1752704639.286169,8
1752704639.403443,8
1752704639.522545,8
1752704639.630409,8
1752704639.737258,8
1752704639.844336,7
1752704639.951748,8
1752704640.059270,8
1752704640.166095,9
1752704640.274736,7
1752704640.384775,8
1752704640.492881,8
1752704640.601424,9
1752704640.708815,8
1752704640.817548,8
1752704640.924428,8
1752704641.033432,8
1752704641.165324,8
1752704641.274556,8
1752704641.386874,8
1752704641.505130,9
1752704641.611851,8
1752704641.722931,9
1752704641.831729,8
1752704641.944541,8
1752704642.071237,6
1752704642.187199,8
1752704642.300541,8
1752704642.416851,7
1752704642.524110,8
1752704642.636113,8
1752704642.744669,8
1752704642.852161,9
1752704642.962433,8
1752704643.078578,8
1752704643.185217,8
1752704643.291171,9
1752704643.398101,9
1752704643.516616,8
1752704643.633320,8
1752704643.742878,7
1752704643.852834,8
1752704643.960970,9
1752704644.068393,8
1752704644.175162,7
1752704644.281704,8
1752704644.400135,8
1752704644.519868,8
1752704644.640776,8
1752704644.749236,8
1752704644.863281,7
1752704644.971977,9
1752704645.084220,9
1752704645.196394,8
1752704645.307163,8
1752704645.414502,8
1752704645.536935,4
1752704645.680096,1
1752704645.794572,2
1752704645.904524,4
1752704646.018365,5
1752704646.154876,6
1752704646.269899,5
1752704646.381005,8
1752704646.490385,10
1752704646.607886,10
1752704646.726436,8
1752704646.880139,7
1752704646.987158,10
1752704647.094427,10
1752704647.201610,10
1752704647.308405,11
1752704647.417579,11
1752704647.524340,10
1752704647.630814,8
1752704647.737997,8
1752704647.846327,9
1752704647.952890,7
1752704648.069380,7
1752704648.180712,6
1752704648.288368,7
1752704648.396215,7
1752704648.504322,7
1752704648.612400,7
1752704648.720979,7
1752704648.832086,7
1752704648.939431,7
1752704649.047538,7
1752704649.154010,7
1752704649.260748,7
1752704649.368064,7
1752704649.474447,7
1752704649.581039,7
1752704649.787785,7
1752704649.898910,7
1752704650.101922,8
1752704650.208311,6
1752704650.320909,7
1752704650.430782,6
1752704650.538356,6
1752704650.647327,7
1752704650.753912,7
1752704650.861365,7
1752704650.967934,7
1752704651.074623,7
1752704651.190423,6
1752704651.300130,7
1752704651.406194,8
1752704651.528527,8
1752704651.647234,8
1752704651.768949,7
1752704651.880393,8
1752704651.986307,7
1752704652.103421,7
1752704652.212384,8
1752704652.322898,7
1752704652.432220,7
1752704652.539513,7
1752704652.646626,7
1752704652.779105,7
1752704653.000682,7
1752704653.115531,7
1752704653.223560,7
1752704653.333000,8
1752704653.440825,7
1752704653.548983,7
1752704653.656970,7
1752704653.768068,6
1752704653.879606,8
1752704653.987187,7
1752704654.117309,7
1752704654.226247,7
1752704654.344773,7
1752704654.460935,7
1752704654.571801,7
1752704654.681428,8
1752704654.788221,8
1752704654.901156,7
1752704655.010510,8
1752704655.117549,7
1752704655.224300,8
1752704655.330965,7
1752704655.448139,7
1752704655.564444,7
1752704655.689405,7
1752704655.801180,6
1752704655.907673,1
1752704656.013953,1
1752704656.120367,3
1752704656.227186,5
1752704656.333281,4
1752704656.440277,5
1752704656.556991,5
1752704656.669096,5
1752704656.780636,7
1752704656.889156,8
1752704657.008070,6
1752704657.122411,7
1752704657.231135,7
1752704657.339082,7
1752704657.446925,7
1752704657.555651,6
1752704657.662600,7
1752704657.769135,6
1752704657.876443,8
1752704657.982977,7
1752704658.091352,7
1752704658.199354,6
1752704658.316769,6
1752704658.434717,7
1752704658.544176,6
1752704658.652587,7
1752704658.761625,7
1752704658.869705,7
1752704659.001732,8
1752704659.109798,7
1752704659.215986,7
1752704659.323137,6
1752704659.429346,7
1752704659.536781,7
1752704659.643080,7
1752704659.749506,8
1752704659.860073,5
1752704659.994033,6
1752704660.108635,7
1752704660.216713,6
1752704660.326734,6
1752704660.437021,7
1752704660.559510,6
1752704660.667058,8
1752704660.774859,7
1752704660.885885,7
1752704661.000097,7
1752704661.110852,6
1752704661.223660,6
1752704661.336155,7
1752704661.447155,6
1752704661.565101,7
1752704661.717047,6
1752704661.949208,7
1752704662.105570,7
1752704662.222447,7
1752704662.337355,6
1752704662.466167,7
1752704662.607466,8
1752704662.722538,6
1752704662.852511,7
1752704662.967096,7
1752704663.082372,8
1752704663.198526,7
1752704663.314213,8
1752704663.451034,8
1752704663.568554,7
1752704663.678933,8
1752704663.812695,7
1752704663.926656,8
1752704664.035993,7
1752704664.166015,9
1752704664.284212,9
1752704664.414841,8
1752704664.530247,8
1752704664.638072,7
1752704664.746130,7
1752704664.854635,8
1752704664.964350,7
1752704665.098234,6
1752704665.208035,7
1752704665.316226,9
1752704665.423018,8
1752704665.530356,8
1752704665.640043,9
1752704665.892352,7
1752704666.019059,6
1752704666.135647,3
1752704666.254867,0
1752704666.372401,2
1752704666.489465,2
1752704666.600392,4
1752704666.710112,5
1752704666.840277,6
1752704666.950597,7
1752704667.061247,9
1752704667.173098,9
1752704667.284474,9
1752704667.402444,9
1752704667.518316,8
1752704667.629455,8
1752704667.757383,7
1752704667.868439,7
1752704667.989645,6
1752704668.101257,7
1752704668.228842,7
1752704668.339342,7
1752704668.452616,7
1752704668.562954,8
1752704668.673331,7
1752704668.783565,7
1752704668.913823,7
1752704669.020725,6
1752704669.126780,8
1752704669.235583,7
1752704669.342390,8
1752704669.456946,7
1752704669.573869,9
1752704669.684134,8
1752704669.803227,8
1752704669.913260,7
1752704670.019901,7
1752704670.126885,8
1752704670.234742,8
1752704670.341466,7
1752704670.469222,8
1752704670.590440,8
1752704670.709175,7
1752704670.863990,7
1752704670.999548,7
1752704671.127135,8
1752704671.252428,8
1752704671.369156,7
1752704671.480440,6
1752704671.598521,6
1752704671.714738,8
1752704671.853373,7
1752704671.972628,8
1752704672.114958,7
1752704672.238679,9
1752704672.348619,8
1752704672.476331,7
1752704672.589655,8
1752704672.701424,7
1752704672.813976,7
1752704672.921283,9
1752704673.028509,9
1752704673.162278,8
1752704673.270772,8
1752704673.378161,8
1752704673.484575,7
1752704673.603999,8
1752704673.722215,10
1752704673.838722,9
1752704673.956776,8
1752704674.074949,9
1752704674.194343,8
1752704674.308410,8
1752704674.417558,9
1752704674.546812,8
1752704674.658318,9
1752704674.765147,10
1752704674.871170,15
1752704674.977180,18
1752704675.085173,20
1752704675.204108,19
1752704675.320825,18
1752704675.438474,20
1752704675.545926,19
1752704675.653017,19
1752704675.759914,20
1752704675.866333,20
1752704675.972582,20
1752704676.078882,20
1752704676.185192,19
1752704676.292080,19
1752704676.398786,18
1752704676.505778,14
1752704676.612615,10
1752704676.718805,3
1752704676.825046,1
1752704676.930864,2
1752704677.037496,5
1752704677.144058,7
1752704677.251132,4
1752704677.367275,6
1752704677.477111,4
1752704677.584164,5
1752704677.691200,1
1752704677.800670,0
1752704677.908333,0
1752704678.018746,0
1752704678.125585,0
1752704678.234478,0
1752704678.344441,0
1752704678.451868,0
1752704678.568718,0
1752704678.686185,0
1752704678.804231,1
1752704678.913995,1
1752704679.020916,1
1752704679.128118,0
1752704679.234155,0
1752704679.340631,0
1752704679.446904,0
1752704679.555404,0
1752704679.661490,0
1752704679.770960,10
1752704679.877253,11
1752704679.997561,11
1752704680.115332,11
1752704680.225575,10
1752704680.336496,11
1752704680.466693,10
1752704680.641619,5
1752704680.752112,1
1752704680.859377,0
1752704680.968212,0
1752704681.076440,0
1752704681.186656,0
1752704681.294996,0
1752704681.406536,0
1752704681.541515,0
1752704681.651765,0
1752704681.771391,1
1752704681.882414,1
1752704681.990246,0
1752704682.097631,0
1752704682.217903,0
1752704682.329213,0
1752704682.436451,0
1752704682.542332,0
1752704682.649542,0
1752704682.755479,0
1752704682.875520,0
1752704683.003375,1
1752704683.131340,0
1752704683.261448,0
1752704683.372937,0
1752704683.485387,0
1752704683.593101,0
1752704683.722685,1
1752704683.830361,0
1752704683.938401,0
1752704684.058320,0
1752704684.166391,0
1752704684.273658,0
1752704684.387078,0
1752704684.559920,0
1752704684.669899,1
1752704684.779346,9
1752704684.892738,11
1752704685.006919,11
1752704685.114886,11
1752704685.232693,12
1752704685.347115,12
1752704685.465387,12
1752704685.575366,11
1752704685.684512,3
1752704685.795802,0
1752704685.905288,0
1752704686.012280,0
1752704686.119908,0
1752704686.227232,0
1752704686.333568,0
1752704686.439808,0
1752704686.554396,0
1752704686.670195,0
1752704686.778933,1
1752704686.886843,0
1752704686.995510,0
1752704687.103303,0
1752704687.211331,0
1752704687.328728,0
1752704687.442373,0
1752704687.555097,0
1752704687.662595,0
1752704687.769324,0
1752704687.877189,0
1752704688.009493,0
1752704688.126734,0
1752704688.233780,0
1752704688.340127,0
1752704688.446407,0
1752704688.553213,0
1752704688.670291,0
1752704688.786556,0
1752704688.903625,1
1752704689.013203,0
1752704689.137154,0
1752704689.252363,0
1752704689.367568,0
1752704689.482795,0
