1752874584.722116,0
1752874584.828316,12
1752874584.933839,20
1752874585.040439,26
1752874585.147607,32
1752874585.253688,40
1752874585.360361,49
1752874585.467082,54
1752874585.591642,60
1752874585.703653,68
1752874585.812135,74
1752874585.920485,84
1752874586.028079,88
1752874586.134587,96
1752874586.244592,99
1752874586.351709,99
1752874586.458154,99
1752874586.565083,100
1752874586.671079,99
1752874586.777761,99
1752874586.883663,99
1752874586.989753,99
1752874587.096282,99
1752874587.202828,100
1752874587.310737,100
1752874587.416876,100
1752874587.524136,99
1752874587.630730,99
1752874587.736992,99
1752874587.843078,99
1752874587.956106,97
1752874588.063810,99
1752874588.170277,98
1752874588.276751,98
1752874588.383587,99
1752874588.489645,98
1752874588.597061,99
1752874588.706132,99
1752874588.812857,99
1752874588.919685,99
1752874589.025703,100
1752874589.131562,99
1752874589.237658,100
1752874589.345576,100
1752874589.452176,99
1752874589.558308,99
1752874589.664586,100
1752874589.772110,100
1752874589.877924,99
1752874589.984063,98
1752874590.095923,99
1752874590.206177,100
1752874590.312670,99
1752874590.419519,98
1752874590.525472,98
1752874590.632692,100
1752874590.738653,100
1752874590.844895,99
1752874590.952137,98
1752874591.058622,98
1752874591.165636,99
1752874591.271782,99
1752874591.378928,99
1752874591.485899,98
1752874591.591573,97
1752874591.699616,98
1752874591.806742,97
1752874591.913279,99
1752874592.020271,99
1752874592.126767,96
1752874592.233274,97
1752874592.339527,96
1752874592.446179,96
1752874592.554600,96
1752874592.662238,96
1752874592.768332,94
1752874592.874240,88
1752874592.983479,85
1752874593.090313,86
1752874593.197503,86
1752874593.305701,85
1752874593.413037,85
1752874593.519629,84
1752874593.626933,84
1752874593.734580,85
1752874593.841077,86
1752874593.946778,85
1752874594.053448,85
1752874594.160695,84
1752874594.267489,85
1752874594.374901,84
1752874594.481581,84
1752874594.588202,84
1752874594.695319,85
1752874594.802465,85
1752874594.909549,84
1752874595.018140,85
1752874595.125539,84
1752874595.232232,85
1752874595.339538,83
1752874595.447544,85
1752874595.554692,83
1752874595.661658,83
1752874595.768611,84
1752874595.874839,84
1752874595.981611,83
1752874596.087763,83
1752874596.194350,83
1752874596.301807,84
1752874596.408648,85
1752874596.515958,83
1752874596.625918,84
1752874596.733910,83
1752874596.841092,84
1752874596.948054,84
1752874597.055823,84
1752874597.161338,83
1752874597.269298,84
1752874597.376247,84
1752874597.484168,84
1752874597.591832,84
1752874597.698073,85
1752874597.805033,84
1752874597.912889,85
1752874598.019960,84
1752874598.127492,84
1752874598.234109,85
1752874598.340732,84
1752874598.448635,84
1752874598.555464,85
1752874598.661547,85
1752874598.768368,86
1752874598.875852,85
1752874598.983124,86
1752874599.089653,86
1752874599.196702,86
1752874599.303726,86
1752874599.410631,87
1752874599.517688,87
1752874599.624414,86
1752874599.734193,86
1752874599.840995,86
1752874599.948306,85
1752874600.055935,85
1752874600.162712,86
1752874600.269081,87
1752874600.377959,86
1752874600.484474,85
1752874600.591722,87
1752874600.697486,86
1752874600.803525,85
1752874600.909868,86
1752874601.016425,86
1752874601.123033,85
1752874601.231380,86
1752874601.340311,86
1752874601.446235,86
1752874601.552647,86
1752874601.659183,85
1752874601.765465,85
1752874601.873232,86
1752874601.980423,86
1752874602.091839,86
1752874602.198519,86
1752874602.304801,86
1752874602.411503,86
1752874602.518105,86
1752874602.625111,86
1752874602.732185,86
1752874602.839129,86
1752874602.945518,85
1752874603.051826,86
1752874603.158324,86
1752874603.266003,86
1752874603.371846,86
1752874603.477391,86
1752874603.584496,85
1752874603.691784,86
1752874603.797799,86
1752874603.905597,86
1752874604.016373,87
1752874604.124673,87
1752874604.231499,87
1752874604.337905,87
1752874604.444767,87
1752874604.553517,86
1752874604.660918,87
1752874604.767534,87
1752874604.873805,86
1752874604.982617,87
1752874605.089169,89
1752874605.196246,88
1752874605.305761,88
1752874605.412232,88
1752874605.519586,87
1752874605.630575,87
1752874605.739698,87
1752874605.846443,86
1752874605.954232,87
1752874606.061085,87
1752874606.167674,87
1752874606.277015,88
1752874606.384470,87
1752874606.492637,87
1752874606.599062,87
1752874606.705338,87
1752874606.811860,86
1752874606.922148,87
1752874607.028772,87
1752874607.137117,87
1752874607.244547,88
1752874607.350676,88
1752874607.460671,87
1752874607.568122,88
1752874607.674532,88
1752874607.781453,88
1752874607.887758,89
1752874607.994730,88
1752874608.104092,87
1752874608.211710,87
1752874608.323084,87
1752874608.429761,87
1752874608.537039,87
1752874608.644125,87
1752874608.749790,87
1752874608.856351,87
1752874608.962497,89
1752874609.068914,89
1752874609.175569,88
1752874609.282257,88
1752874609.388758,88
1752874609.494939,88
1752874609.601910,89
1752874609.707459,89
1752874609.813524,89
1752874609.920727,88
1752874610.027110,89
1752874610.134666,89
1752874610.241747,87
1752874610.349618,88
1752874610.456383,88
1752874610.562130,87
1752874610.670610,87
1752874610.776458,88
1752874610.882908,90
1752874610.989062,89
1752874611.095248,89
1752874611.201968,90
1752874611.308552,90
1752874611.414908,90
1752874611.522160,90
1752874611.629277,89
1752874611.735778,89
1752874611.841584,90
1752874611.948194,90
1752874612.054955,90
1752874612.165331,90
1752874612.272613,91
1752874612.378243,91
1752874612.484865,90
1752874612.592001,90
1752874612.698351,90
1752874612.805997,90
1752874612.912440,90
1752874613.019494,90
1752874613.127028,91
1752874613.234119,91
1752874613.341288,91
1752874613.451027,91
1752874613.561429,90
1752874613.667760,90
1752874613.773852,90
1752874613.880615,90
1752874613.987490,90
1752874614.097634,90
1752874614.203638,90
1752874614.311578,90
1752874614.417720,90
1752874614.524081,91
1752874614.632447,92
1752874614.740947,92
1752874614.847696,92
1752874614.954099,92
1752874615.060158,92
1752874615.165871,92
1752874615.272889,93
1752874615.379675,92
1752874615.485664,93
1752874615.592340,94
1752874615.698525,94
1752874615.805683,93
1752874615.912032,92
1752874616.018323,92
1752874616.125482,93
1752874616.234420,93
1752874616.340694,93
1752874616.446564,93
1752874616.556456,93
1752874616.662760,93
1752874616.768676,93
1752874616.875814,93
1752874616.982902,92
1752874617.089126,92
1752874617.196382,92
1752874617.303457,93
1752874617.410226,93
1752874617.516515,93
1752874617.623599,94
1752874617.730642,93
1752874617.837663,95
1752874617.944061,94
1752874618.051468,95
1752874618.158876,95
1752874618.265715,95
1752874618.371873,95
1752874618.477778,94
1752874618.584408,95
1752874618.690956,95
1752874618.797853,95
1752874618.908027,95
1752874619.015482,95
1752874619.122132,96
1752874619.228610,95
1752874619.335042,94
1752874619.441770,94
1752874619.548957,95
1752874619.656079,95
1752874619.762841,95
1752874619.870459,95
1752874619.976912,96
1752874620.082922,94
1752874620.189364,94
1752874620.296088,95
1752874620.403196,96
1752874620.509972,96
1752874620.617083,95
1752874620.724350,95
1752874620.831796,95
1752874620.942644,96
1752874621.049530,96
1752874621.158536,96
1752874621.265311,95
1752874621.376832,96
1752874621.487405,96
1752874621.593857,95
1752874621.699792,96
1752874621.805610,96
1752874621.912077,96
1752874622.019345,96
1752874622.125231,95
1752874622.236192,96
1752874622.342650,96
1752874622.448855,96
1752874622.555122,96
1752874622.662874,96
1752874622.791233,96
1752874622.899928,97
1752874623.011849,97
1752874623.118199,97
1752874623.224738,96
1752874623.331484,97
1752874623.449451,96
1752874623.555749,98
1752874623.662640,97
1752874623.788628,97
1752874623.894753,98
1752874624.002043,98
1752874624.108850,98
1752874624.216658,98
1752874624.324196,97
1752874624.430723,96
1752874624.538981,97
1752874624.645172,97
1752874624.751526,97
1752874624.857558,99
1752874624.968017,97
1752874625.074755,98
1752874625.188171,98
1752874625.297358,98
1752874625.404417,99
1752874625.518453,100
1752874625.625501,99
1752874625.731895,98
1752874625.838670,98
1752874625.947676,99
1752874626.057063,99
1752874626.165649,99
1752874626.272836,99
1752874626.380026,99
1752874626.486254,100
1752874626.593140,100
1752874626.702113,99
1752874626.809200,100
1752874626.916088,99
1752874627.022350,98
1752874627.128129,99
1752874627.236362,99
1752874627.343704,99
1752874627.450765,99
1752874627.557212,99
1752874627.664480,99
1752874627.771206,100
1752874627.877499,99
1752874627.984596,98
1752874628.090760,96
1752874628.197755,95
1752874628.304555,97
1752874628.410577,97
1752874628.516396,96
1752874628.622669,96
1752874628.729737,96
1752874628.837592,95
1752874628.946533,95
1752874629.052840,95
1752874629.160244,94
1752874629.266655,94
1752874629.372823,91
1752874629.478841,85
1752874629.585703,79
1752874629.691678,79
1752874629.798647,78
1752874629.905126,76
1752874630.011768,76
1752874630.118548,76
1752874630.226550,76
1752874630.333019,76
1752874630.439888,75
1752874630.546965,75
1752874630.653141,76
1752874630.762376,75
1752874630.869348,75
1752874630.975760,75
1752874631.083258,76
1752874631.189524,75
1752874631.296500,75
1752874631.406326,76
1752874631.512513,75
1752874631.618763,75
1752874631.724818,75
1752874631.831601,76
1752874631.937766,76
1752874632.044494,76
1752874632.151807,76
1752874632.257457,76
1752874632.363993,76
1752874632.470268,77
1752874632.576143,77
1752874632.684396,76
1752874632.790473,77
1752874632.897148,77
1752874633.003902,78
1752874633.110080,78
1752874633.216422,78
1752874633.323057,77
1752874633.429137,77
1752874633.535834,78
1752874633.641660,78
1752874633.747732,78
1752874633.856331,77
1752874633.961920,78
1752874634.068875,79
1752874634.174973,79
1752874634.281725,79
1752874634.388439,79
1752874634.494488,79
1752874634.601486,80
1752874634.707483,80
1752874634.813718,80
1752874634.920919,79
1752874635.027435,79
1752874635.134727,79
1752874635.240389,80
1752874635.350361,79
1752874635.456411,80
1752874635.562600,81
1752874635.670061,81
1752874635.776888,81
1752874635.883614,80
1752874635.990207,81
1752874636.097007,81
1752874636.203896,80
1752874636.310825,80
1752874636.417783,80
1752874636.525717,81
1752874636.632335,81
1752874636.738507,80
1752874636.845140,80
1752874636.952326,81
1752874637.058733,81
1752874637.164989,81
1752874637.272464,81
1752874637.379235,82
1752874637.485718,83
1752874637.591869,83
1752874637.698871,82
1752874637.805041,82
1752874637.910979,83
1752874638.017311,83
1752874638.123556,83
1752874638.229186,83
1752874638.337033,83
1752874638.444019,83
1752874638.551470,84
1752874638.658299,84
1752874638.765126,84
1752874638.871716,84
1752874638.978609,85
1752874639.085545,85
1752874639.194530,84
1752874639.301210,84
1752874639.407587,85
1752874639.513739,85
1752874639.620367,85
1752874639.727026,85
1752874639.835587,86
1752874639.942084,86
1752874640.048602,85
1752874640.155953,85
1752874640.262343,86
1752874640.369615,86
1752874640.475595,86
1752874640.582630,85
1752874640.690279,86
1752874640.796767,86
1752874640.903615,86
1752874641.009650,86
1752874641.116623,86
1752874641.222759,88
1752874641.329158,88
1752874641.436841,85
1752874641.543144,86
1752874641.649212,87
1752874641.755831,87
1752874641.861686,87
1752874641.967762,87
1752874642.074060,86
1752874642.180375,87
1752874642.287475,87
1752874642.393188,88
1752874642.499868,88
1752874642.605937,87
1752874642.712249,87
1752874642.818417,86
1752874642.924336,86
1752874643.031707,86
1752874643.138209,87
1752874643.244899,87
1752874643.350924,88
1752874643.457722,88
1752874643.564711,88
1752874643.670620,88
1752874643.776856,88
1752874643.884233,87
1752874643.990672,88
1752874644.097154,88
1752874644.205873,88
1752874644.312611,89
1752874644.419883,89
1752874644.527387,90
1752874644.633678,89
1752874644.740180,89
1752874644.846332,89
1752874644.952929,90
1752874645.058687,90
1752874645.165777,91
1752874645.272426,90
1752874645.378673,89
1752874645.485251,91
1752874645.591801,91
1752874645.698921,91
1752874645.805234,91
1752874645.911601,90
1752874646.018390,90
1752874646.124678,91
1752874646.231662,92
1752874646.338653,90
1752874646.444785,92
1752874646.553112,92
1752874646.658940,92
1752874646.764845,92
1752874646.870660,92
1752874646.976780,92
1752874647.083759,92
1752874647.190024,92
1752874647.296569,93
1752874647.406409,93
1752874647.512998,93
1752874647.619787,93
1752874647.725790,94
1752874647.832109,94
1752874647.938002,94
1752874648.045405,93
1752874648.152468,95
1752874648.258976,94
1752874648.367519,94
1752874648.473981,93
1752874648.580413,94
1752874648.685979,93
1752874648.792098,93
1752874648.902731,93
1752874649.009754,94
1752874649.116280,92
1752874649.223700,92
1752874649.330732,94
1752874649.438385,95
1752874649.544640,93
1752874649.650974,93
1752874649.757529,93
1752874649.863711,94
1752874649.969889,94
1752874650.076518,94
1752874650.183133,93
1752874650.289346,94
1752874650.397533,95
1752874650.504433,95
1752874650.610504,94
1752874650.720291,95
1752874650.825874,95
1752874650.941024,95
1752874651.047657,94
1752874651.153924,94
1752874651.260105,96
1752874651.366506,96
1752874651.472833,95
1752874651.579597,94
1752874651.686229,93
1752874651.792561,93
1752874651.899498,94
1752874652.005843,93
1752874652.111794,94
1752874652.219517,94
1752874652.327418,95
1752874652.434865,95
1752874652.541264,95
1752874652.646874,95
1752874652.753815,95
1752874652.860248,96
1752874652.967042,96
1752874653.073632,95
1752874653.180031,96
1752874653.286199,95
1752874653.392784,96
1752874653.500375,96
1752874653.605835,96
1752874653.712441,97
1752874653.818766,96
1752874653.924786,97
1752874654.031588,98
1752874654.137418,97
1752874654.243551,96
1752874654.349288,97
1752874654.456687,98
1752874654.562497,98
1752874654.670226,99
1752874654.776821,98
1752874654.882906,97
1752874654.988779,97
1752874655.094647,97
1752874655.201161,99
1752874655.307406,98
1752874655.413017,98
1752874655.519549,98
1752874655.625485,99
1752874655.732104,98
1752874655.838081,99
1752874655.944255,99
1752874656.049954,99
1752874656.155733,99
1752874656.261561,99
1752874656.371789,98
1752874656.482110,99
1752874656.588452,98
1752874656.694529,99
1752874656.801490,99
1752874656.907742,99
1752874657.013401,99
1752874657.119456,98
1752874657.227645,98
1752874657.334652,99
1752874657.440571,99
1752874657.546869,98
1752874657.653404,99
1752874657.760139,99
1752874657.866990,100
1752874657.973134,99
1752874658.079471,98
1752874658.186159,99
1752874658.292970,99
1752874658.400519,99
1752874658.506486,99
1752874658.613225,99
1752874658.719213,98
1752874658.825229,99
1752874658.931996,100
1752874659.038732,100
1752874659.146469,99
1752874659.253417,99
1752874659.359654,100
1752874659.465245,93
1752874659.571507,87
1752874659.677287,83
1752874659.783656,81
1752874659.894006,81
1752874660.001755,78
1752874660.108422,79
1752874660.215647,79
1752874660.322472,79
1752874660.428755,79
1752874660.537266,78
1752874660.644589,79
1752874660.751636,76
1752874660.862236,72
1752874660.968779,70
1752874661.074655,69
1752874661.181263,68
1752874661.289131,66
1752874661.395496,67
1752874661.502189,66
1752874661.608305,67
1752874661.715886,66
1752874661.823570,67
1752874661.930661,67
1752874662.037191,66
1752874662.144305,67
1752874662.252220,68
1752874662.357961,66
1752874662.464007,67
1752874662.570482,66
1752874662.677723,67
1752874662.785982,66
1752874662.892744,66
1752874663.001402,67
1752874663.107710,67
1752874663.214349,66
1752874663.320384,66
1752874663.426957,67
1752874663.534450,66
1752874663.640864,66
1752874663.746716,66
1752874663.854015,65
1752874663.961765,66
1752874664.068929,65
1752874664.175369,64
1752874664.282221,64
1752874664.388114,65
1752874664.502048,66
1752874664.608221,66
1752874664.714181,65
1752874664.821446,65
1752874664.927876,63
1752874665.034451,64
1752874665.140731,63
1752874665.246858,61
1752874665.353509,56
1752874665.467013,55
1752874665.572896,55
1752874665.681179,56
1752874665.787694,56
1752874665.899694,56
1752874666.005807,58
1752874666.111973,57
1752874666.219368,57
1752874666.326211,57
1752874666.432921,58
1752874666.540611,59
1752874666.646082,59
1752874666.753895,59
1752874666.860660,60
1752874666.966571,61
1752874667.072807,60
1752874667.178671,60
1752874667.286052,60
1752874667.392530,61
1752874667.499083,61
1752874667.605806,61
1752874667.711755,60
1752874667.817880,60
1752874667.924307,60
1752874668.033212,62
1752874668.140058,61
1752874668.248176,60
1752874668.356175,60
1752874668.464421,60
1752874668.572217,59
1752874668.678415,60
1752874668.787350,60
1752874668.893659,60
1752874669.000483,61
1752874669.106223,61
1752874669.213682,60
1752874669.321116,61
1752874669.434233,61
1752874669.541087,62
1752874669.647973,61
1752874669.755403,60
1752874669.861921,62
1752874669.969885,62
1752874670.077030,62
1752874670.187181,62
1752874670.293188,62
1752874670.402305,62
1752874670.508920,62
1752874670.616306,62
1752874670.723747,61
1752874670.830218,61
1752874670.936357,62
1752874671.042664,62
1752874671.151005,62
1752874671.260094,64
1752874671.367836,64
1752874671.475572,64
1752874671.582927,63
1752874671.701767,64
1752874671.810630,65
1752874671.925896,64
1752874672.031776,63
1752874672.141694,64
1752874672.247486,62
1752874672.360650,62
1752874672.469036,63
1752874672.577095,64
1752874672.684914,64
1752874672.792336,64
1752874672.898273,64
1752874673.005377,65
1752874673.111105,65
1752874673.217012,64
1752874673.323721,63
1752874673.429842,62
1752874673.536952,62
1752874673.645860,61
1752874673.759832,63
1752874673.865987,63
1752874673.976116,63
1752874674.083270,63
1752874674.204229,63
1752874674.316291,63
1752874674.422174,63
1752874674.536806,64
1752874674.643762,64
1752874674.751664,65
1752874674.857832,64
1752874674.965104,62
1752874675.072680,62
1752874675.183717,62
1752874675.289483,64
1752874675.395424,63
1752874675.505470,63
1752874675.612240,63
1752874675.718946,64
1752874675.829772,63
1752874675.936174,62
1752874676.042317,63
1752874676.149509,61
1752874676.256314,83
1752874676.362144,83
1752874676.470598,84
1752874676.585170,83
1752874676.697811,83
1752874676.808613,83
1752874676.917720,82
1752874677.027729,82
1752874677.137413,73
1752874677.247798,70
1752874677.355736,77
1752874677.461859,85
1752874677.568676,92
1752874677.675457,99
1752874677.782354,100
1752874677.894527,99
1752874678.005473,99
1752874678.115664,99
1752874678.222387,95
1752874678.330724,99
1752874678.501299,100
1752874678.610853,99
1752874678.719587,100
1752874678.829792,99
1752874678.936189,100
1752874679.041862,99
1752874679.148068,99
1752874679.256262,100
1752874679.366303,100
1752874679.473426,98
1752874679.579469,100
1752874679.685873,100
1752874679.842530,100
1752874679.952378,100
1752874680.070201,100
1752874680.182267,100
1752874680.296018,100
1752874680.404784,100
1752874680.511764,100
1752874680.619569,100
1752874680.725879,99
1752874680.837796,99
1752874680.945113,100
1752874681.057891,100
1752874681.163796,99
1752874681.273497,100
1752874681.380507,99
1752874681.491626,100
1752874681.600557,99
1752874681.709240,100
1752874681.818521,100
1752874681.925086,100
1752874682.033197,100
1752874682.145953,99
1752874682.261851,98
1752874682.368968,99
1752874682.484558,100
1752874682.593750,99
1752874682.700909,99
1752874682.809338,99
1752874682.921944,100
1752874683.029598,100
1752874683.145047,100
1752874683.259988,100
1752874683.373520,98
1752874683.480587,99
1752874683.592628,99
1752874683.700105,99
1752874683.807457,100
1752874683.915509,99
1752874684.023705,100
1752874684.131039,100
1752874684.237629,99
1752874684.345306,100
1752874684.452872,100
1752874684.561744,100
1752874684.669042,99
1752874684.783417,100
1752874684.890907,100
1752874684.998562,100
1752874685.106138,100
1752874685.214792,99
1752874685.325557,100
1752874685.434320,100
1752874685.540987,99
1752874685.652506,99
1752874685.758274,100
1752874685.870520,99
1752874685.980934,100
1752874686.088597,100
1752874686.194775,100
1752874686.314732,100
1752874686.420778,100
1752874686.529467,99
1752874686.646473,100
1752874686.759624,100
1752874686.867476,99
1752874686.976125,99
1752874687.083014,100
1752874687.193299,100
1752874687.300451,100
1752874687.411474,100
1752874687.520751,99
1752874687.634037,99
1752874687.744741,100
1752874687.856354,100
1752874687.962879,100
1752874688.070400,100
1752874688.180991,100
1752874688.289433,99
1752874688.401088,100
1752874688.507650,98
1752874688.614365,95
1752874688.719697,90
1752874688.828087,86
1752874688.935058,89
1752874689.042874,88
1752874689.156736,95
1752874689.266047,100
1752874689.374109,100
1752874689.481194,100
1752874689.592770,100
1752874689.704527,100
1752874689.810760,100
1752874689.917403,100
1752874690.024780,96
1752874690.135194,96
1752874690.243140,94
1752874690.352740,93
1752874690.459888,94
1752874690.566845,95
1752874690.673806,98
1752874690.792590,100
1752874690.899458,100
1752874691.010693,99
1752874691.119799,100
1752874691.232955,100
1752874691.344008,99
1752874691.450533,97
1752874691.557154,93
1752874691.666250,82
1752874691.821788,72
1752874691.959561,60
1752874692.119566,52
1752874692.225374,38
1752874692.333586,25
1752874692.446202,15
1752874692.561640,10
1752874692.675942,14
1752874692.782187,27
1752874692.892696,35
1752874693.000867,43
1752874693.111663,50
1752874693.219758,57
1752874693.326536,55
1752874693.435910,57
1752874693.541890,59
1752874693.651757,57
1752874693.762747,57
1752874693.872016,58
1752874693.978020,59
1752874694.084776,59
1752874694.191089,59
1752874694.304289,61
1752874694.412654,59
1752874694.520588,59
1752874694.631903,58
1752874694.741276,60
1752874694.849767,58
1752874694.958137,57
1752874695.065320,56
1752874695.173493,56
1752874695.282372,56
1752874695.391670,56
1752874695.497954,56
1752874695.605653,57
1752874695.713155,56
1752874695.821302,58
1752874695.930177,58
1752874696.036525,58
1752874696.144798,56
1752874696.253400,53
1752874696.363110,53
1752874696.472105,52
1752874696.578687,53
1752874696.687028,54
1752874696.794503,56
1752874696.914749,56
1752874697.023389,57
1752874697.132389,56
1752874697.239654,55
1752874697.345891,55
1752874697.453294,56
1752874697.562642,55
1752874697.669391,55
1752874697.779670,56
1752874697.889800,58
1752874697.998092,58
1752874698.106204,55
1752874698.216293,54
1752874698.324092,54
1752874698.431613,56
1752874698.540005,56
1752874698.647097,55
1752874698.755759,56
1752874698.867755,56
1752874698.979544,56
1752874699.086921,57
1752874699.254992,57
1752874699.360873,55
1752874699.469742,58
1752874699.577962,58
1752874699.686159,55
1752874699.794263,56
1752874699.903922,56
1752874700.016646,58
1752874700.125895,59
1752874700.276154,56
1752874700.395762,56
1752874700.504540,55
1752874700.614634,57
1752874700.724769,58
1752874700.835957,58
1752874700.942929,58
1752874701.050175,55
1752874701.157694,55
1752874701.264666,53
1752874701.370866,56
1752874701.482357,55
1752874701.593994,55
1752874701.700204,56
1752874701.806564,54
1752874701.917749,55
1752874702.024999,57
1752874702.132784,55
1752874702.240872,55
1752874702.351623,56
1752874702.484554,55
1752874702.592838,55
1752874702.709687,57
1752874702.817858,55
1752874702.924793,51
1752874703.083546,46
1752874703.207687,44
1752874703.325925,44
1752874703.434001,37
1752874703.543896,38
1752874703.651332,39
1752874703.758765,39
1752874703.867012,39
1752874703.979845,39
1752874704.086867,43
1752874704.195790,53
1752874704.313344,64
1752874704.420705,74
1752874704.527047,82
1752874704.634007,81
1752874704.744708,85
1752874704.855003,90
1752874704.961607,94
1752874705.068406,98
1752874705.176566,100
1752874705.285867,100
1752874705.395411,100
1752874705.503878,98
1752874705.613894,98
1752874705.724058,99
1752874705.833617,100
1752874705.941250,100
1752874706.049292,100
1752874706.157647,100
1752874706.265697,99
1752874706.376830,98
1752874706.488461,98
1752874706.596223,99
1752874706.705977,97
1752874706.813036,99
1752874706.920144,98
1752874707.026009,97
1752874707.133353,96
1752874707.244499,96
1752874707.351933,94
1752874707.464562,91
1752874707.570982,90
1752874707.679056,91
1752874707.786915,90
1752874707.896384,91
1752874708.004384,91
1752874708.112943,92
1752874708.220520,93
1752874708.328755,90
1752874708.436595,90
1752874708.543004,90
1752874708.650910,90
1752874708.763945,89
1752874708.870227,90
1752874708.982959,91
1752874709.089569,90
1752874709.209093,90
1752874709.317798,91
1752874709.424995,91
1752874709.531655,90
1752874709.641071,91
1752874709.754432,93
1752874709.861251,91
1752874709.967493,91
1752874710.077557,89
1752874710.184013,86
1752874710.293744,84
1752874710.402125,85
1752874710.509200,85
1752874710.621681,86
1752874710.732476,86
1752874710.844502,82
1752874710.952619,78
1752874711.062011,78
1752874711.169962,79
1752874711.279440,81
1752874711.393080,82
1752874711.503439,80
1752874711.612586,74
1752874711.724144,70
1752874711.835583,68
1752874711.943725,69
1752874712.053784,70
1752874712.160966,72
1752874712.268392,67
1752874712.376261,66
1752874712.485913,67
1752874712.593212,66
1752874712.705974,67
1752874712.814983,69
1752874712.922487,66
1752874713.030428,63
1752874713.139502,63
1752874713.245955,65
1752874713.353049,66
1752874713.459778,68
1752874713.570394,63
1752874713.676833,66
1752874713.784079,66
1752874713.893094,65
1752874714.000650,65
1752874714.110936,59
1752874714.222745,48
1752874714.329334,39
1752874714.440030,29
1752874714.546432,22
1752874714.655672,18
1752874714.768009,20
1752874714.877385,22
1752874714.984515,26
1752874715.090679,35
1752874715.201774,36
1752874715.316350,43
1752874715.424766,45
1752874715.530717,50
1752874715.654054,49
1752874715.761224,52
1752874715.868362,53
1752874715.980164,57
1752874716.089090,60
1752874716.197479,61
1752874716.303926,62
1752874716.413028,62
1752874716.524661,62
1752874716.653068,64
1752874716.760449,65
1752874716.866838,65
1752874716.976106,68
1752874717.083306,68
1752874717.189203,70
1752874717.295409,70
1752874717.402681,73
1752874717.512353,71
1752874717.618504,72
1752874717.724228,73
1752874717.831772,73
1752874717.940340,72
1752874718.046643,74
1752874718.157091,73
1752874718.278138,75
1752874718.386752,74
1752874718.495794,73
1752874718.602710,73
1752874718.714324,72
1752874718.821769,72
1752874718.930415,73
1752874719.039947,73
1752874719.146376,77
1752874719.253513,75
1752874719.360054,76
1752874719.471450,76
1752874719.580659,75
1752874719.686770,76
1752874719.793556,76
1752874719.900476,76
1752874720.013137,73
1752874720.120695,71
1752874720.227139,69
1752874720.334115,68
1752874720.440820,62
1752874720.557606,59
1752874721.545187,56
1752874721.657325,54
1752874721.763685,51
1752874721.881801,47
1752874721.991506,42
1752874722.102901,38
1752874722.211788,33
1752874722.321173,29
1752874722.428523,26
1752874722.537120,23
1752874722.645550,21
1752874722.752389,16
1752874722.859630,12
1752874722.969945,9
1752874723.076353,5
1752874723.183361,2
1752874723.294003,3
1752874723.411854,6
1752874723.525506,10
1752874723.632548,13
1752874723.740134,14
1752874723.847571,16
1752874723.953953,18
1752874724.062260,19
1752874724.170439,20
1752874724.276525,20
1752874724.387975,20
1752874724.494176,21
1752874724.605530,22
1752874724.717793,20
1752874724.825524,20
1752874724.961288,21
1752874725.135785,21
1752874725.279654,20
1752874725.439362,20
1752874725.570048,20
1752874725.678685,21
1752874725.787620,21
1752874725.906714,20
1752874726.014179,22
1752874726.143988,21
1752874726.250673,21
1752874726.377145,20
1752874726.483017,21
1752874726.592605,22
1752874726.706133,21
1752874726.817345,22
1752874726.924847,22
1752874727.032332,21
1752874727.140011,22
1752874727.249092,21
1752874727.361244,22
1752874727.474130,22
1752874727.582289,21
1752874727.690329,21
1752874727.798973,19
1752874727.907941,19
1752874728.018388,20
1752874728.127563,20
1752874728.237823,19
1752874728.344141,21
1752874728.457744,20
1752874728.565189,20
1752874728.682540,20
1752874728.789146,19
1752874728.899597,19
1752874729.012752,20
1752874729.125321,19
1752874729.235432,20
1752874729.342516,19
1752874729.449650,20
1752874729.562772,19
1752874729.670007,20
1752874729.776622,19
1752874729.889472,19
1752874729.999898,20
1752874730.106594,21
1752874730.214550,19
1752874730.327464,19
1752874730.441483,20
1752874730.549512,20
1752874730.663928,19
1752874730.779646,21
1752874730.898619,20
1752874731.020468,20
1752874731.192726,19
1752874731.302774,18
1752874731.416332,19
1752874731.522768,21
1752874731.629930,20
1752874731.739419,20
1752874731.847742,20
1752874731.956682,19
1752874732.067692,20
1752874732.176772,20
1752874732.290272,20
1752874732.399718,20
1752874732.508362,20
1752874732.615820,21
1752874732.725682,19
1752874732.879395,21
1752874733.020444,20
1752874733.129581,18
1752874733.238476,19
1752874733.359734,16
1752874733.466762,7
1752874733.575909,6
1752874733.683728,6
1752874733.791749,7
1752874733.898081,9
1752874734.012638,14
1752874734.118660,14
1752874734.226412,16
1752874734.335749,16
1752874734.449064,18
1752874734.555083,19
1752874734.661991,20
1752874734.772278,21
1752874734.879741,22
1752874734.991119,22
1752874735.103040,22
1752874735.209092,23
1752874735.314828,25
1752874735.422473,23
1752874735.529078,23
1752874735.636799,24
1752874735.749121,24
1752874735.857378,25
1752874735.970395,26
1752874736.080955,26
1752874736.187639,25
1752874736.302000,25
1752874736.410645,27
1752874736.524416,25
1752874736.630677,25
1752874736.738894,26
1752874736.845623,26
1752874736.951648,27
1752874737.062165,26
1752874737.170081,26
1752874737.277952,27
1752874737.387789,26
1752874737.495670,26
1752874737.607154,25
1752874737.838403,24
1752874737.944766,26
1752874738.051612,26
1752874738.157807,27
1752874738.267501,26
1752874738.467545,26
1752874738.670420,25
1752874738.780090,26
1752874738.889251,26
1752874738.996862,25
1752874739.103964,26
1752874739.211710,27
1752874739.317505,26
1752874739.423944,25
1752874739.530552,25
1752874739.641093,26
1752874739.748837,25
1752874739.860436,26
1752874739.967973,25
1752874740.076778,26
1752874740.184807,26
1752874740.292421,26
1752874740.399688,27
1752874740.506357,26
1752874740.617888,26
1752874740.724902,26
1752874740.832138,26
1752874740.939047,26
1752874741.052130,26
1752874741.164206,26
1752874741.270247,26
1752874741.378312,25
1752874741.502531,25
1752874741.608696,25
1752874741.722161,25
1752874741.834532,26
1752874741.943693,25
1752874742.051076,26
1752874742.161295,26
1752874742.272576,25
1752874742.385597,26
1752874742.496960,25
1752874742.606447,26
1752874742.712882,25
1752874742.819456,25
1752874742.928603,26
1752874743.042708,26
1752874743.156192,26
1752874743.265990,25
1752874743.396628,26
1752874743.529647,27
1752874743.635720,26
1752874743.748444,17
1752874743.854778,5
1752874743.966825,7
1752874744.073616,5
1752874744.182104,6
1752874744.292702,7
1752874744.399457,9
1752874744.511536,13
1752874744.621825,14
1752874744.730339,15
1752874744.838001,16
1752874744.953734,17
1752874745.065834,20
1752874745.176725,19
1752874745.282628,20
1752874745.390130,20
1752874745.497093,23
1752874745.603367,23
1752874745.709206,24
1752874745.815475,25
1752874745.922054,25
1752874746.035596,28
1752874746.143432,26
1752874746.251508,27
1752874746.357407,26
1752874746.465830,25
1752874746.572592,27
1752874746.678743,25
1752874746.786230,26
1752874746.896884,26
1752874747.004565,26
1752874747.111012,27
1752874747.217788,26
1752874747.324050,24
1752874747.429742,26
1752874747.541724,25
1752874747.650596,27
1752874747.758064,25
1752874747.872681,26
1752874747.979851,26
1752874748.085505,28
1752874748.191432,28
1752874748.298286,26
1752874748.406949,26
1752874748.513864,26
1752874748.620254,26
1752874748.726309,26
1752874748.832830,26
1752874748.940636,26
1752874749.046072,27
1752874749.152126,27
1752874749.258328,26
1752874749.364883,26
1752874749.471552,26
1752874749.578764,27
1752874749.684965,27
1752874749.791501,27
1752874749.898057,25
1752874750.005313,26
1752874750.111592,28
1752874750.217494,27
1752874750.324558,25
1752874750.431631,23
1752874750.540710,24
1752874750.647386,24
1752874750.754422,24
1752874750.861353,25
1752874750.968878,24
1752874751.075734,25
1752874751.181775,24
1752874751.289374,26
1752874751.397708,26
1752874751.505806,26
1752874751.612226,27
1752874751.719062,27
1752874751.825486,25
1752874751.933038,26
1752874752.040238,26
1752874752.146949,27
1752874752.254039,25
1752874752.360735,26
1752874752.467804,25
1752874752.573864,28
1752874752.680671,26
1752874752.787868,26
1752874752.894200,25
1752874753.001780,27
1752874753.107673,28
1752874753.214387,26
1752874753.321612,26
1752874753.428954,25
1752874753.536584,27
1752874753.642178,25
1752874753.750517,26
1752874753.856871,26
1752874753.967009,27
1752874754.073701,26
1752874754.179260,15
1752874754.286722,7
1752874754.393181,6
1752874754.503534,8
1752874754.610413,12
1752874754.718220,17
1752874754.825765,17
1752874754.932146,19
1752874755.039761,19
1752874755.149166,22
1752874755.257265,25
1752874755.363807,24
1752874755.471576,24
1752874755.579933,25
1752874755.686833,25
1752874755.793423,25
1752874755.902621,25
1752874756.008635,24
1752874756.114752,26
1752874756.221715,26
1752874756.327954,26
1752874756.435175,27
1752874756.541027,26
1752874756.647944,26
1752874756.754162,28
1752874756.860656,28
1752874756.968201,28
1752874757.075522,28
1752874757.182160,28
1752874757.289635,30
1752874757.396254,28
1752874757.503137,28
1752874757.608943,28
1752874757.716003,28
1752874757.822629,29
1752874757.928827,28
1752874758.034621,27
1752874758.142043,29
1752874758.248974,28
1752874758.355726,30
1752874758.463728,29
1752874758.570384,28
1752874758.676963,26
1752874758.783832,27
1752874758.888915,28
1752874758.995015,26
1752874759.102238,26
1752874759.209903,26
1752874759.316795,26
1752874759.422845,27
1752874759.528885,25
1752874759.635999,26
1752874759.742497,26
1752874759.849187,26
1752874759.956655,26
1752874760.062630,26
1752874760.169160,26
1752874760.276062,25
1752874760.382564,26
1752874760.488716,28
1752874760.594670,25
1752874760.701114,26
1752874760.807865,26
1752874760.914449,27
1752874761.020745,28
1752874761.127627,27
1752874761.233683,26
1752874761.340146,25
1752874761.445905,26
1752874761.553130,26
1752874761.660035,27
1752874761.765903,25
1752874761.872614,26
1752874761.978931,27
1752874762.085396,27
1752874762.192557,26
1752874762.300599,25
1752874762.408928,26
1752874762.516615,28
1752874762.623638,27
1752874762.731242,26
1752874762.839720,25
1752874762.945890,25
1752874763.053529,26
1752874763.160419,26
1752874763.267135,26
1752874763.373738,26
1752874763.481002,26
1752874763.588011,27
1752874763.694412,27
1752874763.801037,25
1752874763.907636,26
1752874764.014446,27
1752874764.122395,27
1752874764.229238,26
1752874764.335808,26
1752874764.442141,26
1752874764.548234,15
1752874764.654940,7
1752874764.761440,6
1752874764.868727,7
1752874764.975322,9
1752874765.081871,15
1752874765.188455,17
1752874765.295869,18
1752874765.403626,21
1752874765.511128,23
1752874765.618049,25
1752874765.725188,25
1752874765.835866,26
1752874765.942796,26
1752874766.049824,28
1752874766.156120,28
1752874766.262864,26
1752874766.378905,24
1752874766.485092,26
1752874766.592045,29
1752874766.707689,29
1752874766.821690,29
1752874766.928457,27
1752874767.035874,30
1752874767.150388,30
1752874767.259462,30
1752874767.365990,30
1752874767.473404,30
1752874767.582331,32
1752874767.688805,34
1752874767.798339,36
1752874767.905313,37
1752874768.014163,39
1752874768.137286,39
1752874768.285367,41
1752874768.392541,40
1752874768.521229,44
1752874768.629647,45
1752874768.736512,49
1752874768.851592,48
1752874768.958325,51
1752874769.069609,55
1752874769.175797,58
1752874769.281777,57
1752874769.392892,61
1752874769.500185,57
1752874769.609496,51
1752874769.724441,48
1752874769.837178,42
1752874769.946371,40
1752874770.052918,39
1752874770.169074,33
1752874770.276251,30
1752874770.398247,29
1752874770.505938,27
1752874770.613870,27
1752874770.724009,29
1752874770.833282,27
1752874770.941234,28
1752874771.052788,28
1752874771.162067,28
1752874771.276119,27
1752874771.382503,27
1752874771.527322,27
1752874771.640632,28
1752874771.760199,29
1752874771.869843,29
1752874771.978317,29
1752874772.085571,29
1752874772.202909,27
1752874772.310014,27
1752874772.419709,28
1752874772.528538,28
1752874772.640917,29
1752874772.758245,33
1752874772.865358,35
1752874772.987645,34
1752874773.099630,33
1752874773.209062,40
1752874773.319365,38
1752874773.445726,39
1752874773.556166,43
1752874773.666073,46
1752874773.775001,49
1752874773.882625,51
1752874773.989767,55
1752874774.098487,57
1752874774.205877,60
1752874774.313025,61
1752874774.419410,54
1752874774.525470,50
1752874774.631322,44
1752874774.737420,41
1752874774.843329,35
1752874774.948658,24
1752874775.055392,12
1752874775.161942,7
1752874775.268117,6
1752874775.376010,6
1752874775.483442,11
1752874775.589941,16
1752874775.697021,16
1752874775.803147,17
1752874775.910245,16
1752874776.016661,18
1752874776.125066,19
1752874776.232010,20
1752874776.338249,21
1752874776.445321,21
1752874776.552153,22
1752874776.661557,22
1752874776.767723,23
1752874776.874266,24
1752874776.981880,24
1752874777.089437,25
1752874777.196817,25
1752874777.305477,27
1752874777.412843,28
1752874777.519700,29
1752874777.626400,29
1752874777.735047,35
1752874777.843763,35
1752874777.950756,36
1752874778.058438,36
1752874778.165467,41
1752874778.272768,42
1752874778.379098,42
1752874778.486150,45
1752874778.593884,48
1752874778.703618,51
1752874778.810681,53
1752874778.918079,55
1752874779.025682,56
1752874779.132473,55
1752874779.238867,58
1752874779.345530,51
1752874779.453006,46
1752874779.559176,39
1752874779.666242,37
1752874779.773928,35
1752874779.880426,29
1752874779.987302,28
1752874780.094268,26
1752874780.201180,27
1752874780.307790,28
1752874780.413730,28
1752874780.519597,29
1752874780.625659,28
1752874780.731927,29
1752874780.838633,28
1752874780.944892,28
1752874781.052490,29
1752874781.158809,29
1752874781.264899,29
1752874781.370615,29
1752874781.476653,29
1752874781.583705,29
1752874781.689995,28
1752874781.796966,29
1752874781.904152,28
1752874782.012318,27
1752874782.118788,28
1752874782.226151,25
1752874782.333362,25
